
SUMMARISING RUN PARAMETERS
==========================
Input filename: TORN_Pool_4_S4_R2.fastq
Trimming mode: paired-end
Trim Galore version: 0.5.0
Cutadapt version: 1.18
Quality Phred score cutoff: 20
Quality encoding type selected: ASCII+33
Adapter sequence: 'AGATCGGAAGAGCACACGTCTGAACTCCAGTCAC' ()
Maximum trimming error rate: 0.1 (default)
Optional adapter 2 sequence (only used for read 2 of paired-end files): 'AGATCGGAAGAGCGTCGTGTAGGGAAAGAGTGT'
Minimum required adapter overlap (stringency): 1 bp
Minimum required sequence length for both reads before a sequence pair gets removed: 20 bp


This is cutadapt 1.18 with Python 3.7.0
Command line parameters: -f fastq -e 0.1 -q 20 -O 1 -a AGATCGGAAGAGCGTCGTGTAGGGAAAGAGTGT TORN_Pool_4_S4_R2.fastq
Processing reads on 1 core in single-end mode ...
Finished in 99.83 s (18 us/read; 3.35 M reads/minute).

=== Summary ===

Total reads processed:               5,567,859
Reads with adapters:                 1,521,548 (27.3%)
Reads written (passing filters):     5,567,859 (100.0%)

Total basepairs processed:   835,178,850 bp
Quality-trimmed:             194,822,342 bp (23.3%)
Total written (filtered):    628,154,211 bp (75.2%)

=== Adapter 1 ===

Sequence: AGATCGGAAGAGCGTCGTGTAGGGAAAGAGTGT; Type: regular 3'; Length: 33; Trimmed: 1521548 times.

No. of allowed errors:
0-9 bp: 0; 10-19 bp: 1; 20-29 bp: 2; 30-33 bp: 3

Bases preceding removed adapters:
  A: 30.1%
  C: 24.3%
  G: 31.3%
  T: 12.5%
  none/other: 1.9%

Overview of removed sequences
length	count	expect	max.err	error counts
1	796232	1391964.8	0	796232
2	414024	347991.2	0	414024
3	133430	86997.8	0	133430
4	9678	21749.4	0	9678
5	4832	5437.4	0	4832
6	1832	1359.3	0	1832
7	839	339.8	0	839
8	544	85.0	0	544
9	613	21.2	0	446 167
10	1051	5.3	1	475 576
11	933	1.3	1	401 532
12	2252	0.3	1	1080 1172
13	968	0.1	1	502 466
14	1795	0.0	1	1102 693
15	380	0.0	1	253 127
16	605	0.0	1	391 214
17	596	0.0	1	393 203
18	298	0.0	1	161 135 2
19	568	0.0	1	376 182 10
20	584	0.0	2	270 182 132
21	402	0.0	2	182 131 89
22	562	0.0	2	257 175 130
23	715	0.0	2	347 216 152
24	859	0.0	2	443 250 166
25	419	0.0	2	177 145 97
26	598	0.0	2	334 162 102
27	524	0.0	2	256 172 94 2
28	614	0.0	2	304 168 124 18
29	538	0.0	2	169 188 134 47
30	1783	0.0	3	626 430 361 366
31	433	0.0	3	135 121 81 96
32	826	0.0	3	344 207 157 118
33	647	0.0	3	232 178 125 112
34	732	0.0	3	319 178 134 101
35	1266	0.0	3	380 371 283 232
36	2493	0.0	3	742 743 584 424
37	1824	0.0	3	731 515 344 234
38	842	0.0	3	346 260 147 89
39	692	0.0	3	300 167 125 100
40	833	0.0	3	317 223 161 132
41	1265	0.0	3	514 342 248 161
42	1615	0.0	3	777 410 261 167
43	657	0.0	3	198 231 138 90
44	1589	0.0	3	686 465 268 170
45	1887	0.0	3	923 489 309 166
46	890	0.0	3	391 256 144 99
47	658	0.0	3	266 185 121 86
48	1437	0.0	3	710 380 222 125
49	858	0.0	3	395 239 123 101
50	761	0.0	3	342 190 125 104
51	1149	0.0	3	648 240 153 108
52	372	0.0	3	125 117 83 47
53	767	0.0	3	441 178 92 56
54	642	0.0	3	323 166 87 66
55	929	0.0	3	431 261 132 105
56	998	0.0	3	463 257 172 106
57	1326	0.0	3	594 354 231 147
58	1487	0.0	3	654 374 247 212
59	1669	0.0	3	723 474 278 194
60	1548	0.0	3	707 387 267 187
61	1596	0.0	3	724 418 256 198
62	1851	0.0	3	808 483 342 218
63	2087	0.0	3	979 560 317 231
64	2304	0.0	3	1015 662 360 267
65	3301	0.0	3	1473 931 516 381
66	4858	0.0	3	2252 1291 837 478
67	8778	0.0	3	3281 3742 1148 607
68	37728	0.0	3	28214 6267 2156 1091
69	12486	0.0	3	8335 2822 899 430
70	4385	0.0	3	2961 901 335 188
71	1771	0.0	3	1096 388 180 107
72	1069	0.0	3	660 219 120 70
73	839	0.0	3	462 203 98 76
74	701	0.0	3	415 171 60 55
75	636	0.0	3	340 148 92 56
76	609	0.0	3	346 124 83 56
77	578	0.0	3	311 140 72 55
78	557	0.0	3	298 128 67 64
79	517	0.0	3	266 117 74 60
80	509	0.0	3	272 122 59 56
81	482	0.0	3	257 100 69 56
82	472	0.0	3	253 109 60 50
83	495	0.0	3	240 126 66 63
84	456	0.0	3	225 105 66 60
85	463	0.0	3	237 102 72 52
86	495	0.0	3	247 107 81 60
87	468	0.0	3	242 96 66 64
88	434	0.0	3	228 94 47 65
89	490	0.0	3	244 124 62 60
90	491	0.0	3	249 105 81 56
91	465	0.0	3	228 116 72 49
92	467	0.0	3	239 97 73 58
93	507	0.0	3	252 114 83 58
94	492	0.0	3	251 124 68 49
95	441	0.0	3	204 108 67 62
96	488	0.0	3	253 126 71 38
97	477	0.0	3	253 107 69 48
98	432	0.0	3	213 112 65 42
99	500	0.0	3	253 123 63 61
100	536	0.0	3	276 119 79 62
101	487	0.0	3	243 132 57 55
102	544	0.0	3	266 127 93 58
103	504	0.0	3	253 125 73 53
104	488	0.0	3	255 114 65 54
105	504	0.0	3	258 113 73 60
106	487	0.0	3	262 113 66 46
107	487	0.0	3	255 109 65 58
108	464	0.0	3	261 93 52 58
109	433	0.0	3	228 94 61 50
110	459	0.0	3	253 106 62 38
111	462	0.0	3	250 106 61 45
112	445	0.0	3	228 114 63 40
113	448	0.0	3	253 97 53 45
114	411	0.0	3	213 96 57 45
115	443	0.0	3	238 95 81 29
116	433	0.0	3	235 89 62 47
117	410	0.0	3	227 82 59 42
118	420	0.0	3	223 100 49 48
119	383	0.0	3	191 84 60 48
120	386	0.0	3	209 80 58 39
121	400	0.0	3	223 88 54 35
122	388	0.0	3	217 76 52 43
123	337	0.0	3	199 66 38 34
124	347	0.0	3	189 75 43 40
125	289	0.0	3	165 51 46 27
126	264	0.0	3	165 58 28 13
127	265	0.0	3	137 63 44 21
128	181	0.0	3	102 44 21 14
129	179	0.0	3	104 39 14 22
130	170	0.0	3	101 40 17 12
131	107	0.0	3	56 28 13 10
132	122	0.0	3	73 24 10 15
133	106	0.0	3	68 23 10 5
134	83	0.0	3	48 17 9 9
135	72	0.0	3	47 9 11 5
136	51	0.0	3	33 6 8 4
137	37	0.0	3	18 10 6 3
138	38	0.0	3	25 8 1 4
139	40	0.0	3	22 9 5 4
140	17	0.0	3	11 4 0 2
141	16	0.0	3	7 0 1 8
142	16	0.0	3	5 4 5 2
143	9	0.0	3	4 0 2 3
144	7	0.0	3	2 0 3 2
145	7	0.0	3	0 2 2 3
146	8	0.0	3	1 0 0 7
147	5	0.0	3	0 1 0 4
148	7	0.0	3	0 0 1 6
149	8	0.0	3	0 0 0 8
150	3	0.0	3	0 0 0 3


RUN STATISTICS FOR INPUT FILE: TORN_Pool_4_S4_R2.fastq
=============================================
5567859 sequences processed in total

Total number of sequences analysed for the sequence pair length validation: 5567859

Number of sequence pairs removed because at least one read was shorter than the length cutoff (20 bp): 590564 (10.61%)
