
SUMMARISING RUN PARAMETERS
==========================
Input filename: TORN_Pool_9_S9_R2.fastq
Trimming mode: paired-end
Trim Galore version: 0.5.0
Cutadapt version: 1.18
Quality Phred score cutoff: 20
Quality encoding type selected: ASCII+33
Adapter sequence: 'AGATCGGAAGAGCACACGTCTGAACTCCAGTCAC' ()
Maximum trimming error rate: 0.1 (default)
Optional adapter 2 sequence (only used for read 2 of paired-end files): 'AGATCGGAAGAGCGTCGTGTAGGGAAAGAGTGT'
Minimum required adapter overlap (stringency): 1 bp
Minimum required sequence length for both reads before a sequence pair gets removed: 20 bp


This is cutadapt 1.18 with Python 3.7.0
Command line parameters: -f fastq -e 0.1 -q 20 -O 1 -a AGATCGGAAGAGCGTCGTGTAGGGAAAGAGTGT TORN_Pool_9_S9_R2.fastq
Processing reads on 1 core in single-end mode ...
Finished in 93.72 s (19 us/read; 3.23 M reads/minute).

=== Summary ===

Total reads processed:               5,039,221
Reads with adapters:                 1,581,715 (31.4%)
Reads written (passing filters):     5,039,221 (100.0%)

Total basepairs processed:   755,883,150 bp
Quality-trimmed:             190,277,450 bp (25.2%)
Total written (filtered):    549,789,584 bp (72.7%)

=== Adapter 1 ===

Sequence: AGATCGGAAGAGCGTCGTGTAGGGAAAGAGTGT; Type: regular 3'; Length: 33; Trimmed: 1581715 times.

No. of allowed errors:
0-9 bp: 0; 10-19 bp: 1; 20-29 bp: 2; 30-33 bp: 3

Bases preceding removed adapters:
  A: 27.2%
  C: 21.6%
  G: 36.1%
  T: 13.6%
  none/other: 1.5%

Overview of removed sequences
length	count	expect	max.err	error counts
1	731158	1259805.2	0	731158
2	452300	314951.3	0	452300
3	159220	78737.8	0	159220
4	9117	19684.5	0	9117
5	5678	4921.1	0	5678
6	2461	1230.3	0	2461
7	1268	307.6	0	1268
8	847	76.9	0	847
9	790	19.2	0	651 139
10	1514	4.8	1	754 760
11	1284	1.2	1	570 714
12	3336	0.3	1	1618 1718
13	1391	0.1	1	724 667
14	2912	0.0	1	1746 1166
15	559	0.0	1	338 221
16	812	0.0	1	502 310
17	768	0.0	1	528 240
18	383	0.0	1	219 161 3
19	794	0.0	1	529 250 15
20	815	0.0	2	394 241 180
21	507	0.0	2	233 175 99
22	854	0.0	2	434 256 164
23	964	0.0	2	478 279 207
24	1245	0.0	2	608 378 259
25	659	0.0	2	281 222 156
26	794	0.0	2	413 218 163
27	753	0.0	2	367 229 151 6
28	930	0.0	2	464 240 206 20
29	782	0.0	2	253 259 206 64
30	2764	0.0	3	907 725 617 515
31	568	0.0	3	151 180 126 111
32	1206	0.0	3	498 294 225 189
33	975	0.0	3	338 263 199 175
34	1189	0.0	3	485 315 221 168
35	1849	0.0	3	532 533 439 345
36	4025	0.0	3	1187 1161 984 693
37	2705	0.0	3	984 791 569 361
38	1315	0.0	3	513 379 254 169
39	999	0.0	3	415 264 194 126
40	1276	0.0	3	473 360 266 177
41	1792	0.0	3	699 518 330 245
42	2451	0.0	3	1125 659 394 273
43	982	0.0	3	283 334 230 135
44	2322	0.0	3	1044 625 404 249
45	2901	0.0	3	1372 788 465 276
46	1226	0.0	3	520 355 201 150
47	1001	0.0	3	418 295 172 116
48	1988	0.0	3	1000 531 283 174
49	1249	0.0	3	573 340 183 153
50	1079	0.0	3	491 262 194 132
51	1783	0.0	3	971 434 224 154
52	538	0.0	3	195 171 100 72
53	988	0.0	3	556 224 120 88
54	880	0.0	3	440 226 125 89
55	1330	0.0	3	623 361 187 159
56	1598	0.0	3	788 393 246 171
57	1763	0.0	3	808 446 286 223
58	1978	0.0	3	871 555 308 244
59	2068	0.0	3	943 559 352 214
60	2087	0.0	3	990 501 365 231
61	2246	0.0	3	1025 600 375 246
62	2480	0.0	3	1115 666 366 333
63	2951	0.0	3	1338 816 479 318
64	3329	0.0	3	1532 883 542 372
65	4526	0.0	3	2085 1205 703 533
66	6597	0.0	3	3104 1688 1149 656
67	12079	0.0	3	4604 5081 1599 795
68	50188	0.0	3	38121 7891 2776 1400
69	16519	0.0	3	11134 3739 1066 580
70	5867	0.0	3	3903 1242 471 251
71	2454	0.0	3	1499 538 260 157
72	1437	0.0	3	840 327 144 126
73	1169	0.0	3	698 239 131 101
74	992	0.0	3	585 215 105 87
75	859	0.0	3	458 216 99 86
76	836	0.0	3	455 185 103 93
77	820	0.0	3	444 195 87 94
78	780	0.0	3	419 182 116 63
79	674	0.0	3	354 161 95 64
80	662	0.0	3	332 165 96 69
81	653	0.0	3	354 141 86 72
82	631	0.0	3	328 142 73 88
83	587	0.0	3	325 129 72 61
84	572	0.0	3	282 127 98 65
85	613	0.0	3	300 151 82 80
86	636	0.0	3	345 134 93 64
87	627	0.0	3	327 143 81 76
88	576	0.0	3	289 137 85 65
89	664	0.0	3	356 166 79 63
90	554	0.0	3	313 129 66 46
91	608	0.0	3	344 124 75 65
92	648	0.0	3	350 131 105 62
93	680	0.0	3	371 149 93 67
94	625	0.0	3	350 124 79 72
95	665	0.0	3	342 151 96 76
96	591	0.0	3	306 124 83 78
97	638	0.0	3	320 156 93 69
98	647	0.0	3	340 160 75 72
99	665	0.0	3	350 150 99 66
100	692	0.0	3	382 145 95 70
101	695	0.0	3	367 148 98 82
102	661	0.0	3	366 131 86 78
103	700	0.0	3	400 132 106 62
104	717	0.0	3	387 168 97 65
105	637	0.0	3	348 138 83 68
106	665	0.0	3	348 155 86 76
107	650	0.0	3	347 152 92 59
108	596	0.0	3	326 138 68 64
109	581	0.0	3	322 115 77 67
110	598	0.0	3	312 136 93 57
111	626	0.0	3	331 137 92 66
112	579	0.0	3	286 137 90 66
113	579	0.0	3	323 121 71 64
114	536	0.0	3	287 121 65 63
115	532	0.0	3	301 110 65 56
116	537	0.0	3	278 123 78 58
117	498	0.0	3	301 107 47 43
118	532	0.0	3	293 109 80 50
119	476	0.0	3	252 113 57 54
120	506	0.0	3	268 117 66 55
121	443	0.0	3	251 92 54 46
122	430	0.0	3	251 86 56 37
123	401	0.0	3	244 68 55 34
124	402	0.0	3	233 92 45 32
125	344	0.0	3	187 86 42 29
126	347	0.0	3	190 78 49 30
127	268	0.0	3	149 61 31 27
128	230	0.0	3	130 48 39 13
129	206	0.0	3	126 45 18 17
130	159	0.0	3	105 34 12 8
131	130	0.0	3	89 19 12 10
132	107	0.0	3	68 18 13 8
133	108	0.0	3	73 20 7 8
134	93	0.0	3	64 15 7 7
135	88	0.0	3	48 21 9 10
136	57	0.0	3	37 5 9 6
137	44	0.0	3	26 8 6 4
138	30	0.0	3	18 8 2 2
139	19	0.0	3	8 7 1 3
140	16	0.0	3	9 3 1 3
141	15	0.0	3	7 4 1 3
142	11	0.0	3	6 1 0 4
143	5	0.0	3	3 1 0 1
144	8	0.0	3	3 0 3 2
145	8	0.0	3	0 0 2 6
146	8	0.0	3	1 0 1 6
147	6	0.0	3	0 0 1 5
148	13	0.0	3	0 0 2 11
149	4	0.0	3	0 0 0 4
150	7	0.0	3	1 1 2 3


RUN STATISTICS FOR INPUT FILE: TORN_Pool_9_S9_R2.fastq
=============================================
5039221 sequences processed in total

Total number of sequences analysed for the sequence pair length validation: 5039221

Number of sequence pairs removed because at least one read was shorter than the length cutoff (20 bp): 388324 (7.71%)
