
SUMMARISING RUN PARAMETERS
==========================
Input filename: TORN_Pool_7_S7_R1.fastq
Trimming mode: paired-end
Trim Galore version: 0.5.0
Cutadapt version: 1.18
Quality Phred score cutoff: 20
Quality encoding type selected: ASCII+33
Adapter sequence: 'AGATCGGAAGAGCACACGTCTGAACTCCAGTCAC' ()
Maximum trimming error rate: 0.1 (default)
Optional adapter 2 sequence (only used for read 2 of paired-end files): 'AGATCGGAAGAGCGTCGTGTAGGGAAAGAGTGT'
Minimum required adapter overlap (stringency): 1 bp
Minimum required sequence length for both reads before a sequence pair gets removed: 20 bp


This is cutadapt 1.18 with Python 3.7.0
Command line parameters: -f fastq -e 0.1 -q 20 -O 1 -a AGATCGGAAGAGCACACGTCTGAACTCCAGTCAC TORN_Pool_7_S7_R1.fastq
Processing reads on 1 core in single-end mode ...
Finished in 111.82 s (19 us/read; 3.08 M reads/minute).

=== Summary ===

Total reads processed:               5,742,640
Reads with adapters:                 1,852,826 (32.3%)
Reads written (passing filters):     5,742,640 (100.0%)

Total basepairs processed:   861,396,000 bp
Quality-trimmed:              29,844,714 bp (3.5%)
Total written (filtered):    826,032,700 bp (95.9%)

=== Adapter 1 ===

Sequence: AGATCGGAAGAGCACACGTCTGAACTCCAGTCAC; Type: regular 3'; Length: 34; Trimmed: 1852826 times.

No. of allowed errors:
0-9 bp: 0; 10-19 bp: 1; 20-29 bp: 2; 30-34 bp: 3

Bases preceding removed adapters:
  A: 31.4%
  C: 25.9%
  G: 32.1%
  T: 10.6%
  none/other: 0.0%

Overview of removed sequences
length	count	expect	max.err	error counts
1	1096941	1435660.0	0	1096941
2	510784	358915.0	0	510784
3	176360	89728.8	0	176360
4	20819	22432.2	0	20819
5	3513	5608.0	0	3513
6	532	1402.0	0	532
7	291	350.5	0	291
8	200	87.6	0	200
9	417	21.9	0	176 241
10	530	5.5	1	171 359
11	415	1.4	1	171 244
12	429	0.3	1	192 237
13	305	0.1	1	174 131
14	301	0.0	1	175 126
15	202	0.0	1	122 80
16	202	0.0	1	106 96
17	292	0.0	1	177 115
18	304	0.0	1	166 136 2
19	166	0.0	1	83 71 12
20	256	0.0	2	124 70 62
21	271	0.0	2	142 71 58
22	231	0.0	2	96 79 56
23	266	0.0	2	120 82 64
24	263	0.0	2	130 78 55
25	283	0.0	2	147 83 53
26	148	0.0	2	83 43 22
27	198	0.0	2	98 47 53
28	289	0.0	2	122 94 73
29	226	0.0	2	97 62 57 10
30	242	0.0	3	89 69 44 40
31	229	0.0	3	92 71 37 29
32	296	0.0	3	133 81 51 31
33	180	0.0	3	70 54 34 22
34	280	0.0	3	116 79 44 41
35	280	0.0	3	127 76 44 33
36	268	0.0	3	100 81 45 42
37	298	0.0	3	118 81 56 43
38	368	0.0	3	127 114 67 60
39	589	0.0	3	181 155 139 114
40	499	0.0	3	167 140 104 88
41	398	0.0	3	140 110 83 65
42	470	0.0	3	157 154 95 64
43	729	0.0	3	334 189 123 83
44	203	0.0	3	54 74 42 33
45	147	0.0	3	59 32 28 28
46	165	0.0	3	75 43 32 15
47	345	0.0	3	149 79 64 53
48	252	0.0	3	100 76 39 37
49	325	0.0	3	139 90 53 43
50	283	0.0	3	120 76 50 37
51	379	0.0	3	170 102 60 47
52	325	0.0	3	155 83 44 43
53	408	0.0	3	175 117 63 53
54	513	0.0	3	224 139 91 59
55	445	0.0	3	226 98 70 51
56	243	0.0	3	119 64 32 28
57	230	0.0	3	112 68 24 26
58	269	0.0	3	112 81 41 35
59	273	0.0	3	133 71 40 29
60	296	0.0	3	127 79 54 36
61	373	0.0	3	150 112 60 51
62	226	0.0	3	107 64 28 27
63	346	0.0	3	161 91 55 39
64	593	0.0	3	218 160 120 95
65	1167	0.0	3	457 308 207 195
66	889	0.0	3	351 255 176 107
67	486	0.0	3	199 144 85 58
68	489	0.0	3	208 140 91 50
69	467	0.0	3	227 131 71 38
70	473	0.0	3	212 137 76 48
71	545	0.0	3	244 154 84 63
72	675	0.0	3	322 170 114 69
73	795	0.0	3	374 209 117 95
74	1013	0.0	3	426 282 200 105
75	1773	0.0	3	706 643 266 158
76	5158	0.0	3	3491 954 476 237
77	2691	0.0	3	1586 704 252 149
78	1118	0.0	3	601 305 143 69
79	537	0.0	3	283 143 71 40
80	293	0.0	3	137 87 41 28
81	270	0.0	3	141 66 33 30
82	223	0.0	3	103 60 33 27
83	216	0.0	3	121 47 28 20
84	179	0.0	3	82 48 33 16
85	166	0.0	3	79 42 30 15
86	158	0.0	3	70 41 28 19
87	182	0.0	3	83 50 33 16
88	159	0.0	3	64 53 23 19
89	175	0.0	3	80 42 37 16
90	151	0.0	3	73 33 25 20
91	142	0.0	3	54 51 21 16
92	129	0.0	3	48 35 26 20
93	150	0.0	3	61 48 25 16
94	137	0.0	3	69 31 19 18
95	138	0.0	3	54 31 32 21
96	133	0.0	3	58 32 24 19
97	170	0.0	3	70 47 32 21
98	140	0.0	3	72 31 20 17
99	128	0.0	3	53 31 25 19
100	151	0.0	3	66 33 30 22
101	127	0.0	3	64 24 19 20
102	171	0.0	3	72 59 25 15
103	149	0.0	3	65 33 33 18
104	145	0.0	3	60 47 25 13
105	134	0.0	3	65 26 31 12
106	132	0.0	3	51 33 35 13
107	129	0.0	3	52 34 26 17
108	142	0.0	3	59 41 28 14
109	157	0.0	3	65 48 26 18
110	128	0.0	3	55 29 24 20
111	132	0.0	3	45 45 22 20
112	153	0.0	3	72 33 34 14
113	130	0.0	3	63 34 24 9
114	145	0.0	3	64 40 24 17
115	133	0.0	3	62 40 21 10
116	114	0.0	3	60 21 22 11
117	107	0.0	3	51 26 18 12
118	125	0.0	3	60 28 17 20
119	105	0.0	3	54 26 11 14
120	126	0.0	3	57 32 20 17
121	110	0.0	3	65 19 15 11
122	108	0.0	3	50 25 18 15
123	92	0.0	3	38 26 20 8
124	90	0.0	3	48 17 13 12
125	83	0.0	3	35 24 13 11
126	92	0.0	3	48 20 18 6
127	70	0.0	3	32 21 11 6
128	79	0.0	3	40 21 11 7
129	64	0.0	3	36 13 11 4
130	43	0.0	3	28 9 2 4
131	42	0.0	3	26 5 3 8
132	38	0.0	3	27 6 3 2
133	36	0.0	3	14 11 7 4
134	24	0.0	3	14 6 3 1
135	21	0.0	3	18 3
136	17	0.0	3	8 4 4 1
137	21	0.0	3	14 5 2
138	14	0.0	3	11 1 1 1
139	10	0.0	3	5 4 1
140	6	0.0	3	3 2 1
141	3	0.0	3	2 0 0 1
142	3	0.0	3	2 0 0 1
143	1	0.0	3	0 1
144	3	0.0	3	1 0 1 1
145	2	0.0	3	0 2
146	2	0.0	3	0 1 0 1
149	2	0.0	3	0 0 0 2
150	1	0.0	3	0 0 0 1


RUN STATISTICS FOR INPUT FILE: TORN_Pool_7_S7_R1.fastq
=============================================
5742640 sequences processed in total

