
SUMMARISING RUN PARAMETERS
==========================
Input filename: TORN_Pool_6_S6_R2.fastq
Trimming mode: paired-end
Trim Galore version: 0.5.0
Cutadapt version: 1.18
Quality Phred score cutoff: 20
Quality encoding type selected: ASCII+33
Adapter sequence: 'AGATCGGAAGAGCACACGTCTGAACTCCAGTCAC' ()
Maximum trimming error rate: 0.1 (default)
Optional adapter 2 sequence (only used for read 2 of paired-end files): 'AGATCGGAAGAGCGTCGTGTAGGGAAAGAGTGT'
Minimum required adapter overlap (stringency): 1 bp
Minimum required sequence length for both reads before a sequence pair gets removed: 20 bp


This is cutadapt 1.18 with Python 3.7.0
Command line parameters: -f fastq -e 0.1 -q 20 -O 1 -a AGATCGGAAGAGCGTCGTGTAGGGAAAGAGTGT TORN_Pool_6_S6_R2.fastq
Processing reads on 1 core in single-end mode ...
Finished in 115.41 s (18 us/read; 3.39 M reads/minute).

=== Summary ===

Total reads processed:               6,514,426
Reads with adapters:                 1,831,328 (28.1%)
Reads written (passing filters):     6,514,426 (100.0%)

Total basepairs processed:   977,163,900 bp
Quality-trimmed:             238,805,294 bp (24.4%)
Total written (filtered):    720,076,806 bp (73.7%)

=== Adapter 1 ===

Sequence: AGATCGGAAGAGCGTCGTGTAGGGAAAGAGTGT; Type: regular 3'; Length: 33; Trimmed: 1831328 times.

No. of allowed errors:
0-9 bp: 0; 10-19 bp: 1; 20-29 bp: 2; 30-33 bp: 3

Bases preceding removed adapters:
  A: 28.5%
  C: 23.2%
  G: 32.6%
  T: 12.5%
  none/other: 3.2%

Overview of removed sequences
length	count	expect	max.err	error counts
1	909738	1628606.5	0	909738
2	492599	407151.6	0	492599
3	162161	101787.9	0	162161
4	11354	25447.0	0	11354
5	6752	6361.7	0	6752
6	2633	1590.4	0	2633
7	1144	397.6	0	1144
8	659	99.4	0	659
9	728	24.9	0	524 204
10	1294	6.2	1	613 681
11	1134	1.6	1	480 654
12	3313	0.4	1	1430 1883
13	1268	0.1	1	616 652
14	2476	0.0	1	1454 1022
15	515	0.0	1	307 208
16	703	0.0	1	448 255
17	664	0.0	1	433 231
18	432	0.0	1	236 193 3
19	684	0.0	1	440 227 17
20	855	0.0	2	372 281 202
21	497	0.0	2	230 156 111
22	770	0.0	2	356 267 147
23	826	0.0	2	347 270 209
24	1024	0.0	2	487 320 217
25	628	0.0	2	260 223 145
26	639	0.0	2	315 190 134
27	571	0.0	2	272 170 125 4
28	789	0.0	2	378 216 165 30
29	693	0.0	2	223 223 181 66
30	2569	0.0	3	822 669 578 500
31	593	0.0	3	148 175 137 133
32	993	0.0	3	374 249 178 192
33	893	0.0	3	318 246 180 149
34	1023	0.0	3	385 266 206 166
35	1954	0.0	3	533 550 472 399
36	3832	0.0	3	1038 1123 910 761
37	2564	0.0	3	955 738 524 347
38	1187	0.0	3	452 317 255 163
39	895	0.0	3	385 240 158 112
40	1046	0.0	3	363 294 209 180
41	1658	0.0	3	631 475 296 256
42	2029	0.0	3	888 544 360 237
43	907	0.0	3	265 308 190 144
44	2028	0.0	3	825 623 345 235
45	2800	0.0	3	1263 797 459 281
46	1209	0.0	3	498 351 207 153
47	880	0.0	3	333 273 154 120
48	1902	0.0	3	911 494 291 206
49	1091	0.0	3	522 291 175 103
50	1029	0.0	3	451 280 183 115
51	1556	0.0	3	827 371 214 144
52	526	0.0	3	179 175 95 77
53	878	0.0	3	480 201 116 81
54	851	0.0	3	428 208 131 84
55	1217	0.0	3	518 335 208 156
56	1468	0.0	3	681 386 232 169
57	1740	0.0	3	771 450 312 207
58	1987	0.0	3	826 499 363 299
59	2268	0.0	3	970 610 400 288
60	2256	0.0	3	962 600 408 286
61	2310	0.0	3	943 657 409 301
62	2535	0.0	3	1093 687 458 297
63	3033	0.0	3	1345 819 505 364
64	3471	0.0	3	1481 999 552 439
65	4901	0.0	3	2139 1337 816 609
66	7292	0.0	3	3269 1897 1355 771
67	13922	0.0	3	4913 6170 1906 933
68	63302	0.0	3	47564 10318 3563 1857
69	20775	0.0	3	13899 4698 1455 723
70	6955	0.0	3	4645 1480 535 295
71	2852	0.0	3	1764 678 260 150
72	1686	0.0	3	1015 372 180 119
73	1429	0.0	3	841 310 163 115
74	1069	0.0	3	618 247 126 78
75	940	0.0	3	514 221 117 88
76	931	0.0	3	497 221 127 86
77	910	0.0	3	500 208 111 91
78	860	0.0	3	464 197 106 93
79	684	0.0	3	350 178 85 71
80	707	0.0	3	381 161 95 70
81	748	0.0	3	397 173 100 78
82	649	0.0	3	326 159 85 79
83	671	0.0	3	315 172 93 91
84	631	0.0	3	340 142 79 70
85	683	0.0	3	311 176 128 68
86	665	0.0	3	326 172 92 75
87	689	0.0	3	334 178 99 78
88	701	0.0	3	353 177 90 81
89	662	0.0	3	353 145 102 62
90	726	0.0	3	338 169 122 97
91	699	0.0	3	367 145 115 72
92	708	0.0	3	354 175 99 80
93	752	0.0	3	360 190 116 86
94	708	0.0	3	357 151 102 98
95	744	0.0	3	373 176 100 95
96	749	0.0	3	391 180 100 78
97	702	0.0	3	322 173 118 89
98	696	0.0	3	364 167 88 77
99	781	0.0	3	412 184 113 72
100	802	0.0	3	407 195 107 93
101	784	0.0	3	412 181 110 81
102	813	0.0	3	419 192 111 91
103	814	0.0	3	430 181 103 100
104	712	0.0	3	383 169 90 70
105	780	0.0	3	417 203 90 70
106	790	0.0	3	419 188 105 78
107	809	0.0	3	424 195 118 72
108	738	0.0	3	389 171 95 83
109	778	0.0	3	431 178 98 71
110	785	0.0	3	433 176 107 69
111	756	0.0	3	407 171 103 75
112	757	0.0	3	407 179 102 69
113	809	0.0	3	463 183 92 71
114	701	0.0	3	376 168 90 67
115	750	0.0	3	405 177 101 67
116	711	0.0	3	388 154 88 81
117	716	0.0	3	384 152 109 71
118	676	0.0	3	374 148 84 70
119	661	0.0	3	376 157 67 61
120	700	0.0	3	403 141 86 70
121	638	0.0	3	350 162 75 51
122	655	0.0	3	362 139 99 55
123	564	0.0	3	322 121 83 38
124	586	0.0	3	344 110 71 61
125	519	0.0	3	301 109 62 47
126	540	0.0	3	308 115 58 59
127	411	0.0	3	240 97 32 42
128	430	0.0	3	259 92 39 40
129	309	0.0	3	196 58 33 22
130	256	0.0	3	165 53 20 18
131	238	0.0	3	132 57 27 22
132	192	0.0	3	127 43 9 13
133	178	0.0	3	118 28 18 14
134	140	0.0	3	91 31 8 10
135	103	0.0	3	67 11 13 12
136	103	0.0	3	63 24 10 6
137	77	0.0	3	53 14 3 7
138	64	0.0	3	40 7 9 8
139	37	0.0	3	28 5 4
140	28	0.0	3	16 5 3 4
141	35	0.0	3	21 8 4 2
142	13	0.0	3	9 0 3 1
143	14	0.0	3	2 2 5 5
144	4	0.0	3	1 2 0 1
145	9	0.0	3	2 1 1 5
146	7	0.0	3	0 0 3 4
147	6	0.0	3	1 0 1 4
148	9	0.0	3	0 0 2 7
149	7	0.0	3	0 0 2 5
150	14	0.0	3	1 0 4 9


RUN STATISTICS FOR INPUT FILE: TORN_Pool_6_S6_R2.fastq
=============================================
6514426 sequences processed in total

Total number of sequences analysed for the sequence pair length validation: 6514426

Number of sequence pairs removed because at least one read was shorter than the length cutoff (20 bp): 636444 (9.77%)
