
SUMMARISING RUN PARAMETERS
==========================
Input filename: TORN_Pool_7_S7_R2.fastq
Trimming mode: paired-end
Trim Galore version: 0.5.0
Cutadapt version: 1.18
Quality Phred score cutoff: 20
Quality encoding type selected: ASCII+33
Adapter sequence: 'AGATCGGAAGAGCACACGTCTGAACTCCAGTCAC' ()
Maximum trimming error rate: 0.1 (default)
Optional adapter 2 sequence (only used for read 2 of paired-end files): 'AGATCGGAAGAGCGTCGTGTAGGGAAAGAGTGT'
Minimum required adapter overlap (stringency): 1 bp
Minimum required sequence length for both reads before a sequence pair gets removed: 20 bp


This is cutadapt 1.18 with Python 3.7.0
Command line parameters: -f fastq -e 0.1 -q 20 -O 1 -a AGATCGGAAGAGCGTCGTGTAGGGAAAGAGTGT TORN_Pool_7_S7_R2.fastq
Processing reads on 1 core in single-end mode ...
Finished in 105.68 s (18 us/read; 3.26 M reads/minute).

=== Summary ===

Total reads processed:               5,742,640
Reads with adapters:                 1,968,789 (34.3%)
Reads written (passing filters):     5,742,640 (100.0%)

Total basepairs processed:   861,396,000 bp
Quality-trimmed:             139,336,250 bp (16.2%)
Total written (filtered):    715,948,327 bp (83.1%)

=== Adapter 1 ===

Sequence: AGATCGGAAGAGCGTCGTGTAGGGAAAGAGTGT; Type: regular 3'; Length: 33; Trimmed: 1968789 times.

No. of allowed errors:
0-9 bp: 0; 10-19 bp: 1; 20-29 bp: 2; 30-33 bp: 3

Bases preceding removed adapters:
  A: 32.3%
  C: 25.2%
  G: 30.6%
  T: 10.5%
  none/other: 1.4%

Overview of removed sequences
length	count	expect	max.err	error counts
1	1155731	1435660.0	0	1155731
2	568527	358915.0	0	568527
3	173082	89728.8	0	173082
4	13298	22432.2	0	13298
5	3274	5608.0	0	3274
6	785	1402.0	0	785
7	420	350.5	0	420
8	252	87.6	0	252
9	419	21.9	0	190 229
10	695	5.5	1	247 448
11	513	1.4	1	199 314
12	1177	0.3	1	579 598
13	416	0.1	1	210 206
14	929	0.0	1	611 318
15	159	0.0	1	101 58
16	173	0.0	1	101 72
17	232	0.0	1	164 68
18	78	0.0	1	37 41
19	218	0.0	1	153 61 4
20	155	0.0	2	77 43 35
21	99	0.0	2	41 32 26
22	202	0.0	2	103 59 40
23	281	0.0	2	135 75 71
24	386	0.0	2	195 100 91
25	194	0.0	2	95 60 39
26	233	0.0	2	103 78 52
27	173	0.0	2	87 49 35 2
28	261	0.0	2	112 77 68 4
29	229	0.0	2	79 80 51 19
30	838	0.0	3	271 212 193 162
31	138	0.0	3	35 50 34 19
32	356	0.0	3	158 83 60 55
33	247	0.0	3	80 79 49 39
34	273	0.0	3	92 83 58 40
35	587	0.0	3	176 162 135 114
36	1276	0.0	3	391 398 279 208
37	793	0.0	3	308 225 158 102
38	355	0.0	3	163 94 43 55
39	212	0.0	3	93 57 34 28
40	231	0.0	3	87 66 41 37
41	413	0.0	3	159 121 79 54
42	590	0.0	3	288 152 89 61
43	228	0.0	3	62 72 52 42
44	604	0.0	3	245 190 114 55
45	945	0.0	3	452 236 156 101
46	330	0.0	3	132 105 64 29
47	176	0.0	3	70 52 33 21
48	590	0.0	3	296 142 96 56
49	248	0.0	3	133 50 43 22
50	219	0.0	3	109 61 31 18
51	423	0.0	3	254 82 55 32
52	98	0.0	3	31 40 11 16
53	229	0.0	3	140 56 21 12
54	185	0.0	3	111 39 22 13
55	270	0.0	3	135 68 40 27
56	366	0.0	3	185 100 45 36
57	296	0.0	3	161 67 39 29
58	346	0.0	3	159 84 63 40
59	423	0.0	3	193 120 64 46
60	405	0.0	3	192 104 58 51
61	461	0.0	3	202 134 65 60
62	496	0.0	3	232 120 92 52
63	591	0.0	3	264 160 95 72
64	710	0.0	3	327 189 118 76
65	923	0.0	3	424 254 134 111
66	1352	0.0	3	609 368 242 133
67	2594	0.0	3	915 1142 348 189
68	11434	0.0	3	8638 1789 652 355
69	3762	0.0	3	2539 825 273 125
70	1370	0.0	3	897 287 124 62
71	603	0.0	3	358 136 63 46
72	384	0.0	3	231 93 33 27
73	296	0.0	3	159 78 32 27
74	250	0.0	3	134 50 40 26
75	183	0.0	3	94 49 23 17
76	219	0.0	3	111 51 39 18
77	184	0.0	3	107 44 24 9
78	183	0.0	3	97 42 25 19
79	165	0.0	3	85 39 20 21
80	157	0.0	3	95 30 20 12
81	168	0.0	3	76 42 31 19
82	127	0.0	3	55 40 17 15
83	131	0.0	3	64 30 17 20
84	134	0.0	3	65 31 20 18
85	146	0.0	3	76 41 15 14
86	138	0.0	3	69 33 20 16
87	123	0.0	3	64 23 16 20
88	147	0.0	3	63 39 23 22
89	132	0.0	3	62 32 19 19
90	140	0.0	3	68 35 25 12
91	133	0.0	3	58 32 21 22
92	129	0.0	3	82 24 13 10
93	149	0.0	3	57 33 31 28
94	159	0.0	3	78 36 27 18
95	129	0.0	3	66 31 16 16
96	156	0.0	3	81 32 28 15
97	146	0.0	3	66 31 29 20
98	163	0.0	3	70 39 27 27
99	160	0.0	3	81 36 28 15
100	169	0.0	3	85 37 24 23
101	164	0.0	3	78 39 26 21
102	180	0.0	3	91 44 23 22
103	151	0.0	3	90 33 18 10
104	175	0.0	3	76 42 30 27
105	182	0.0	3	85 42 35 20
106	153	0.0	3	76 38 19 20
107	148	0.0	3	78 34 21 15
108	173	0.0	3	83 48 24 18
109	171	0.0	3	89 46 20 16
110	153	0.0	3	79 31 20 23
111	167	0.0	3	82 31 25 29
112	156	0.0	3	89 33 25 9
113	148	0.0	3	85 29 18 16
114	139	0.0	3	75 35 17 12
115	155	0.0	3	91 36 18 10
116	127	0.0	3	72 23 21 11
117	129	0.0	3	64 31 21 13
118	149	0.0	3	78 34 20 17
119	120	0.0	3	55 26 21 18
120	130	0.0	3	68 33 19 10
121	129	0.0	3	66 32 17 14
122	91	0.0	3	48 22 11 10
123	125	0.0	3	61 31 19 14
124	102	0.0	3	63 16 10 13
125	93	0.0	3	51 18 15 9
126	84	0.0	3	36 18 15 15
127	88	0.0	3	53 18 12 5
128	65	0.0	3	31 13 10 11
129	66	0.0	3	40 7 10 9
130	52	0.0	3	30 9 5 8
131	48	0.0	3	23 10 9 6
132	38	0.0	3	23 3 7 5
133	31	0.0	3	20 2 5 4
134	32	0.0	3	21 8 1 2
135	22	0.0	3	8 5 4 5
136	29	0.0	3	16 3 5 5
137	22	0.0	3	8 10 2 2
138	13	0.0	3	5 0 2 6
139	13	0.0	3	7 4 2
140	11	0.0	3	4 2 2 3
141	7	0.0	3	1 2 0 4
142	7	0.0	3	3 1 1 2
143	10	0.0	3	2 0 3 5
144	8	0.0	3	0 0 1 7
145	8	0.0	3	0 0 2 6
146	9	0.0	3	0 0 3 6
147	11	0.0	3	0 0 1 10
148	6	0.0	3	0 0 2 4
149	8	0.0	3	0 0 3 5
150	14	0.0	3	0 1 1 12


RUN STATISTICS FOR INPUT FILE: TORN_Pool_7_S7_R2.fastq
=============================================
5742640 sequences processed in total

Total number of sequences analysed for the sequence pair length validation: 5742640

Number of sequence pairs removed because at least one read was shorter than the length cutoff (20 bp): 493096 (8.59%)
