
SUMMARISING RUN PARAMETERS
==========================
Input filename: TORN_Pool_6_S6_R1.fastq
Trimming mode: paired-end
Trim Galore version: 0.5.0
Cutadapt version: 1.18
Quality Phred score cutoff: 20
Quality encoding type selected: ASCII+33
Adapter sequence: 'AGATCGGAAGAGCACACGTCTGAACTCCAGTCAC' ()
Maximum trimming error rate: 0.1 (default)
Optional adapter 2 sequence (only used for read 2 of paired-end files): 'AGATCGGAAGAGCGTCGTGTAGGGAAAGAGTGT'
Minimum required adapter overlap (stringency): 1 bp
Minimum required sequence length for both reads before a sequence pair gets removed: 20 bp


This is cutadapt 1.18 with Python 3.7.0
Command line parameters: -f fastq -e 0.1 -q 20 -O 1 -a AGATCGGAAGAGCACACGTCTGAACTCCAGTCAC TORN_Pool_6_S6_R1.fastq
Processing reads on 1 core in single-end mode ...
Finished in 131.24 s (20 us/read; 2.98 M reads/minute).

=== Summary ===

Total reads processed:               6,514,426
Reads with adapters:                 3,042,824 (46.7%)
Reads written (passing filters):     6,514,426 (100.0%)

Total basepairs processed:   977,163,900 bp
Quality-trimmed:              64,496,045 bp (6.6%)
Total written (filtered):    891,841,301 bp (91.3%)

=== Adapter 1 ===

Sequence: AGATCGGAAGAGCACACGTCTGAACTCCAGTCAC; Type: regular 3'; Length: 34; Trimmed: 3042824 times.

No. of allowed errors:
0-9 bp: 0; 10-19 bp: 1; 20-29 bp: 2; 30-34 bp: 3

Bases preceding removed adapters:
  A: 32.4%
  C: 15.5%
  G: 45.1%
  T: 7.0%
  none/other: 0.0%

Overview of removed sequences
length	count	expect	max.err	error counts
1	1370313	1628606.5	0	1370313
2	1017042	407151.6	0	1017042
3	376514	101787.9	0	376514
4	22830	25447.0	0	22830
5	3250	6361.7	0	3250
6	1467	1590.4	0	1467
7	1064	397.6	0	1064
8	1008	99.4	0	1008
9	1418	24.9	0	736 682
10	2486	6.2	1	884 1602
11	2160	1.6	1	764 1396
12	2952	0.4	1	1223 1729
13	2148	0.1	1	962 1186
14	2112	0.0	1	1019 1093
15	1246	0.0	1	635 611
16	1292	0.0	1	678 614
17	1439	0.0	1	700 739
18	2182	0.0	1	1129 1041 12
19	1070	0.0	1	561 444 65
20	1057	0.0	2	523 355 179
21	1155	0.0	2	531 371 253
22	1267	0.0	2	550 429 288
23	1671	0.0	2	647 600 424
24	1690	0.0	2	717 581 392
25	1761	0.0	2	813 584 364
26	1051	0.0	2	452 375 224
27	1133	0.0	2	544 357 227 5
28	1573	0.0	2	633 539 385 16
29	1438	0.0	2	594 460 307 77
30	1979	0.0	3	793 561 364 261
31	1249	0.0	3	442 428 219 160
32	1540	0.0	3	664 403 272 201
33	1157	0.0	3	393 378 237 149
34	1773	0.0	3	679 487 352 255
35	1620	0.0	3	560 512 329 219
36	1905	0.0	3	721 568 361 255
37	2234	0.0	3	804 640 451 339
38	2777	0.0	3	1033 712 555 477
39	3037	0.0	3	1028 961 604 444
40	3907	0.0	3	1670 1065 703 469
41	1555	0.0	3	541 485 342 187
42	1327	0.0	3	504 460 206 157
43	1698	0.0	3	904 407 239 148
44	666	0.0	3	241 203 121 101
45	755	0.0	3	353 210 110 82
46	890	0.0	3	416 249 135 90
47	1444	0.0	3	613 396 255 180
48	1383	0.0	3	593 402 239 149
49	1593	0.0	3	685 441 258 209
50	1503	0.0	3	638 464 252 149
51	1898	0.0	3	892 511 268 227
52	1954	0.0	3	775 599 337 243
53	2026	0.0	3	881 568 345 232
54	2421	0.0	3	935 731 428 327
55	2732	0.0	3	1310 759 387 276
56	1582	0.0	3	703 498 244 137
57	1368	0.0	3	625 404 211 128
58	1346	0.0	3	617 385 200 144
59	1467	0.0	3	707 394 215 151
60	1576	0.0	3	719 446 240 171
61	1825	0.0	3	840 490 291 204
62	1600	0.0	3	657 495 282 166
63	1874	0.0	3	847 538 292 197
64	2523	0.0	3	981 716 482 344
65	4968	0.0	3	1997 1337 907 727
66	4245	0.0	3	1861 1125 750 509
67	2641	0.0	3	1118 814 412 297
68	2557	0.0	3	1090 760 441 266
69	2681	0.0	3	1258 781 380 262
70	2912	0.0	3	1305 849 448 310
71	3195	0.0	3	1443 918 516 318
72	3679	0.0	3	1695 1102 526 356
73	4543	0.0	3	2012 1313 720 498
74	6114	0.0	3	2634 1809 1060 611
75	11369	0.0	3	4017 5002 1544 806
76	30681	0.0	3	20467 6562 2479 1173
77	16407	0.0	3	9839 4371 1489 708
78	6462	0.0	3	3607 1784 753 318
79	3331	0.0	3	1768 912 430 221
80	1946	0.0	3	952 552 267 175
81	1736	0.0	3	864 472 239 161
82	1425	0.0	3	702 400 180 143
83	1287	0.0	3	608 354 185 140
84	1240	0.0	3	584 332 187 137
85	1116	0.0	3	507 323 168 118
86	1131	0.0	3	502 318 177 134
87	1093	0.0	3	491 316 153 133
88	1006	0.0	3	461 265 155 125
89	994	0.0	3	467 234 161 132
90	993	0.0	3	404 299 173 117
91	989	0.0	3	446 274 151 118
92	1006	0.0	3	416 298 153 139
93	984	0.0	3	407 272 172 133
94	962	0.0	3	425 271 146 120
95	947	0.0	3	413 269 157 108
96	1025	0.0	3	451 279 172 123
97	947	0.0	3	393 276 148 130
98	950	0.0	3	394 269 173 114
99	977	0.0	3	414 311 150 102
100	969	0.0	3	416 286 156 111
101	947	0.0	3	385 277 169 116
102	939	0.0	3	410 266 161 102
103	907	0.0	3	384 253 156 114
104	856	0.0	3	375 235 143 103
105	907	0.0	3	411 258 147 91
106	878	0.0	3	374 249 141 114
107	911	0.0	3	392 243 147 129
108	863	0.0	3	389 220 151 103
109	910	0.0	3	426 227 130 127
110	892	0.0	3	403 228 141 120
111	899	0.0	3	394 222 168 115
112	855	0.0	3	378 231 139 107
113	796	0.0	3	361 245 106 84
114	795	0.0	3	360 195 142 98
115	779	0.0	3	360 221 122 76
116	773	0.0	3	354 199 128 92
117	714	0.0	3	332 186 112 84
118	727	0.0	3	367 177 95 88
119	675	0.0	3	311 203 96 65
120	723	0.0	3	325 189 120 89
121	697	0.0	3	353 174 96 74
122	619	0.0	3	312 159 94 54
123	603	0.0	3	266 158 114 65
124	591	0.0	3	281 142 94 74
125	550	0.0	3	255 143 85 67
126	517	0.0	3	245 154 61 57
127	435	0.0	3	219 124 53 39
128	442	0.0	3	231 112 47 52
129	391	0.0	3	188 118 53 32
130	313	0.0	3	170 82 38 23
131	250	0.0	3	129 73 32 16
132	256	0.0	3	159 65 23 9
133	179	0.0	3	107 46 16 10
134	159	0.0	3	95 38 17 9
135	150	0.0	3	88 42 16 4
136	120	0.0	3	62 35 16 7
137	106	0.0	3	57 30 11 8
138	58	0.0	3	30 17 8 3
139	46	0.0	3	28 9 5 4
140	28	0.0	3	11 10 4 3
141	28	0.0	3	14 11 3
142	23	0.0	3	10 5 4 4
143	10	0.0	3	5 1 2 2
144	8	0.0	3	3 3 1 1
145	5	0.0	3	2 1 1 1
146	4	0.0	3	1 1 0 2
147	2	0.0	3	1 0 0 1
148	1	0.0	3	1
150	6	0.0	3	1 0 1 4


RUN STATISTICS FOR INPUT FILE: TORN_Pool_6_S6_R1.fastq
=============================================
6514426 sequences processed in total

