
SUMMARISING RUN PARAMETERS
==========================
Input filename: TORN_Pool_10_S10_R2.fastq
Trimming mode: paired-end
Trim Galore version: 0.5.0
Cutadapt version: 1.18
Quality Phred score cutoff: 20
Quality encoding type selected: ASCII+33
Adapter sequence: 'AGATCGGAAGAGCACACGTCTGAACTCCAGTCAC' ()
Maximum trimming error rate: 0.1 (default)
Optional adapter 2 sequence (only used for read 2 of paired-end files): 'AGATCGGAAGAGCGTCGTGTAGGGAAAGAGTGT'
Minimum required adapter overlap (stringency): 1 bp
Minimum required sequence length for both reads before a sequence pair gets removed: 20 bp


This is cutadapt 1.18 with Python 3.7.0
Command line parameters: -f fastq -e 0.1 -q 20 -O 1 -a AGATCGGAAGAGCGTCGTGTAGGGAAAGAGTGT TORN_Pool_10_S10_R2.fastq
Processing reads on 1 core in single-end mode ...
Finished in 64.31 s (16 us/read; 3.65 M reads/minute).

=== Summary ===

Total reads processed:               3,917,453
Reads with adapters:                   989,539 (25.3%)
Reads written (passing filters):     3,917,453 (100.0%)

Total basepairs processed:   587,617,950 bp
Quality-trimmed:             182,942,974 bp (31.1%)
Total written (filtered):    391,188,651 bp (66.6%)

=== Adapter 1 ===

Sequence: AGATCGGAAGAGCGTCGTGTAGGGAAAGAGTGT; Type: regular 3'; Length: 33; Trimmed: 989539 times.

No. of allowed errors:
0-9 bp: 0; 10-19 bp: 1; 20-29 bp: 2; 30-33 bp: 3

Bases preceding removed adapters:
  A: 26.8%
  C: 23.5%
  G: 34.8%
  T: 13.2%
  none/other: 1.7%

Overview of removed sequences
length	count	expect	max.err	error counts
1	440884	979363.2	0	440884
2	261229	244840.8	0	261229
3	81780	61210.2	0	81780
4	5280	15302.6	0	5280
5	4340	3825.6	0	4340
6	2079	956.4	0	2079
7	1011	239.1	0	1011
8	637	59.8	0	637
9	630	14.9	0	525 105
10	1090	3.7	1	591 499
11	866	0.9	1	403 463
12	2243	0.2	1	1141 1102
13	1027	0.1	1	567 460
14	2260	0.0	1	1440 820
15	424	0.0	1	246 178
16	759	0.0	1	466 293
17	693	0.0	1	441 252
18	356	0.0	1	190 166
19	575	0.0	1	390 175 10
20	648	0.0	2	294 218 136
21	380	0.0	2	173 113 94
22	716	0.0	2	355 204 157
23	779	0.0	2	382 235 162
24	1049	0.0	2	517 303 229
25	492	0.0	2	217 154 121
26	600	0.0	2	320 166 114
27	610	0.0	2	272 198 135 5
28	744	0.0	2	379 203 138 24
29	547	0.0	2	181 192 128 46
30	1975	0.0	3	666 539 424 346
31	460	0.0	3	116 161 103 80
32	956	0.0	3	396 252 163 145
33	741	0.0	3	277 225 130 109
34	817	0.0	3	332 210 167 108
35	1400	0.0	3	440 396 304 260
36	2789	0.0	3	882 812 637 458
37	1951	0.0	3	765 551 352 283
38	1036	0.0	3	407 287 216 126
39	728	0.0	3	300 222 127 79
40	1013	0.0	3	346 313 198 156
41	1432	0.0	3	563 414 248 207
42	1952	0.0	3	883 496 339 234
43	734	0.0	3	229 230 166 109
44	1855	0.0	3	775 537 324 219
45	2206	0.0	3	1072 579 354 201
46	924	0.0	3	385 275 155 109
47	860	0.0	3	359 242 139 120
48	1558	0.0	3	802 381 231 144
49	1058	0.0	3	476 285 172 125
50	1030	0.0	3	431 309 157 133
51	1525	0.0	3	824 355 213 133
52	463	0.0	3	159 159 75 70
53	794	0.0	3	439 177 103 75
54	668	0.0	3	337 186 94 51
55	1130	0.0	3	564 285 162 119
56	1188	0.0	3	512 332 200 144
57	1491	0.0	3	656 390 265 180
58	1567	0.0	3	705 424 240 198
59	1761	0.0	3	783 474 308 196
60	1795	0.0	3	810 511 290 184
61	1845	0.0	3	835 487 298 225
62	2042	0.0	3	900 553 331 258
63	2382	0.0	3	1044 640 394 304
64	2875	0.0	3	1307 808 440 320
65	3841	0.0	3	1715 1059 608 459
66	5679	0.0	3	2583 1473 1074 549
67	11090	0.0	3	4093 4756 1464 777
68	48732	0.0	3	36962 7754 2653 1363
69	16387	0.0	3	11061 3652 1085 589
70	5614	0.0	3	3754 1197 411 252
71	2363	0.0	3	1489 526 224 124
72	1353	0.0	3	803 316 150 84
73	1013	0.0	3	598 221 101 93
74	802	0.0	3	458 176 92 76
75	727	0.0	3	416 167 86 58
76	725	0.0	3	415 159 96 55
77	594	0.0	3	325 141 67 61
78	618	0.0	3	342 138 77 61
79	565	0.0	3	311 129 67 58
80	551	0.0	3	276 134 80 61
81	540	0.0	3	310 119 65 46
82	516	0.0	3	260 120 86 50
83	524	0.0	3	252 129 83 60
84	447	0.0	3	234 100 60 53
85	480	0.0	3	255 118 60 47
86	471	0.0	3	243 122 61 45
87	481	0.0	3	265 106 67 43
88	464	0.0	3	252 99 62 51
89	494	0.0	3	264 96 74 60
90	532	0.0	3	274 122 84 52
91	525	0.0	3	267 122 78 58
92	506	0.0	3	258 115 73 60
93	489	0.0	3	246 121 75 47
94	553	0.0	3	273 136 77 67
95	548	0.0	3	289 123 72 64
96	588	0.0	3	298 141 80 69
97	519	0.0	3	285 115 69 50
98	529	0.0	3	300 112 64 53
99	556	0.0	3	296 133 68 59
100	556	0.0	3	293 137 71 55
101	582	0.0	3	313 133 78 58
102	575	0.0	3	320 128 78 49
103	562	0.0	3	324 109 74 55
104	568	0.0	3	330 119 65 54
105	590	0.0	3	321 135 75 59
106	551	0.0	3	284 149 70 48
107	580	0.0	3	294 142 86 58
108	561	0.0	3	311 138 61 51
109	617	0.0	3	367 126 73 51
110	527	0.0	3	297 104 77 49
111	543	0.0	3	312 118 62 51
112	502	0.0	3	280 117 63 42
113	499	0.0	3	268 125 66 40
114	563	0.0	3	320 131 72 40
115	468	0.0	3	283 88 51 46
116	469	0.0	3	250 121 55 43
117	533	0.0	3	316 106 64 47
118	473	0.0	3	258 117 64 34
119	467	0.0	3	268 95 57 47
120	472	0.0	3	278 97 48 49
121	454	0.0	3	270 96 52 36
122	413	0.0	3	245 79 59 30
123	462	0.0	3	272 96 59 35
124	338	0.0	3	185 75 50 28
125	363	0.0	3	228 76 35 24
126	351	0.0	3	212 68 44 27
127	297	0.0	3	181 57 42 17
128	284	0.0	3	166 59 33 26
129	218	0.0	3	139 41 23 15
130	172	0.0	3	109 32 17 14
131	161	0.0	3	104 32 13 12
132	114	0.0	3	67 24 13 10
133	103	0.0	3	59 23 10 11
134	87	0.0	3	54 17 11 5
135	72	0.0	3	47 15 4 6
136	60	0.0	3	47 5 6 2
137	55	0.0	3	35 9 6 5
138	34	0.0	3	20 4 3 7
139	20	0.0	3	13 1 2 4
140	13	0.0	3	11 2
141	11	0.0	3	5 2 1 3
142	9	0.0	3	5 2 0 2
143	6	0.0	3	1 1 0 4
144	5	0.0	3	1 0 1 3
145	3	0.0	3	0 0 1 2
146	7	0.0	3	1 0 2 4
147	3	0.0	3	0 1 0 2
148	4	0.0	3	0 0 2 2
149	6	0.0	3	0 0 2 4
150	11	0.0	3	0 1 2 8


RUN STATISTICS FOR INPUT FILE: TORN_Pool_10_S10_R2.fastq
=============================================
3917453 sequences processed in total

Total number of sequences analysed for the sequence pair length validation: 3917453

Number of sequence pairs removed because at least one read was shorter than the length cutoff (20 bp): 342007 (8.73%)
