
SUMMARISING RUN PARAMETERS
==========================
Input filename: TORN_Pool_4_S4_R1.fastq
Trimming mode: paired-end
Trim Galore version: 0.5.0
Cutadapt version: 1.18
Quality Phred score cutoff: 20
Quality encoding type selected: ASCII+33
Adapter sequence: 'AGATCGGAAGAGCACACGTCTGAACTCCAGTCAC' ()
Maximum trimming error rate: 0.1 (default)
Optional adapter 2 sequence (only used for read 2 of paired-end files): 'AGATCGGAAGAGCGTCGTGTAGGGAAAGAGTGT'
Minimum required adapter overlap (stringency): 1 bp
Minimum required sequence length for both reads before a sequence pair gets removed: 20 bp


This is cutadapt 1.18 with Python 3.7.0
Command line parameters: -f fastq -e 0.1 -q 20 -O 1 -a AGATCGGAAGAGCACACGTCTGAACTCCAGTCAC TORN_Pool_4_S4_R1.fastq
Processing reads on 1 core in single-end mode ...
Finished in 119.07 s (21 us/read; 2.81 M reads/minute).

=== Summary ===

Total reads processed:               5,567,859
Reads with adapters:                 2,539,251 (45.6%)
Reads written (passing filters):     5,567,859 (100.0%)

Total basepairs processed:   835,178,850 bp
Quality-trimmed:              41,971,827 bp (5.0%)
Total written (filtered):    779,161,546 bp (93.3%)

=== Adapter 1 ===

Sequence: AGATCGGAAGAGCACACGTCTGAACTCCAGTCAC; Type: regular 3'; Length: 34; Trimmed: 2539251 times.

No. of allowed errors:
0-9 bp: 0; 10-19 bp: 1; 20-29 bp: 2; 30-34 bp: 3

Bases preceding removed adapters:
  A: 33.9%
  C: 16.5%
  G: 42.3%
  T: 7.3%
  none/other: 0.0%

Overview of removed sequences
length	count	expect	max.err	error counts
1	1213268	1391964.8	0	1213268
2	832566	347991.2	0	832566
3	308182	86997.8	0	308182
4	20163	21749.4	0	20163
5	2834	5437.4	0	2834
6	1062	1359.3	0	1062
7	781	339.8	0	781
8	634	85.0	0	634
9	1007	21.2	0	554 453
10	1734	5.3	1	630 1104
11	1563	1.3	1	603 960
12	1914	0.3	1	779 1135
13	1319	0.1	1	607 712
14	1333	0.0	1	667 666
15	782	0.0	1	409 373
16	942	0.0	1	551 391
17	978	0.0	1	515 463
18	1306	0.0	1	717 581 8
19	707	0.0	1	377 299 31
20	787	0.0	2	395 250 142
21	861	0.0	2	401 271 189
22	858	0.0	2	390 272 196
23	1051	0.0	2	467 356 228
24	1101	0.0	2	470 387 244
25	1088	0.0	2	529 336 223
26	731	0.0	2	345 257 129
27	775	0.0	2	373 263 138 1
28	941	0.0	2	442 291 202 6
29	1006	0.0	2	438 307 217 44
30	1145	0.0	3	459 333 201 152
31	864	0.0	3	351 282 146 85
32	1014	0.0	3	445 302 168 99
33	805	0.0	3	351 228 134 92
34	1006	0.0	3	428 256 192 130
35	1206	0.0	3	436 362 238 170
36	1393	0.0	3	513 428 268 184
37	1397	0.0	3	479 456 260 202
38	1814	0.0	3	631 519 354 310
39	1347	0.0	3	438 407 294 208
40	1535	0.0	3	528 446 319 242
41	1736	0.0	3	666 462 384 224
42	1881	0.0	3	623 621 397 240
43	3066	0.0	3	1440 807 464 355
44	874	0.0	3	238 306 200 130
45	618	0.0	3	273 165 98 82
46	587	0.0	3	253 175 89 70
47	1025	0.0	3	453 288 148 136
48	1015	0.0	3	413 300 191 111
49	1131	0.0	3	479 334 171 147
50	1149	0.0	3	515 321 203 110
51	1350	0.0	3	615 384 211 140
52	1349	0.0	3	590 391 226 142
53	1475	0.0	3	600 441 264 170
54	1785	0.0	3	720 550 311 204
55	2000	0.0	3	1013 514 290 183
56	984	0.0	3	461 305 122 96
57	957	0.0	3	452 272 143 90
58	906	0.0	3	420 272 143 71
59	955	0.0	3	464 279 138 74
60	1073	0.0	3	506 314 167 86
61	1238	0.0	3	555 334 208 141
62	1082	0.0	3	472 343 158 109
63	1284	0.0	3	630 342 194 118
64	1643	0.0	3	659 498 284 202
65	2776	0.0	3	1097 789 527 363
66	2586	0.0	3	1133 733 422 298
67	1739	0.0	3	784 471 293 191
68	1642	0.0	3	748 454 282 158
69	1671	0.0	3	770 478 268 155
70	1902	0.0	3	878 532 303 189
71	2013	0.0	3	894 591 309 219
72	2311	0.0	3	1067 664 345 235
73	2792	0.0	3	1260 819 414 299
74	3698	0.0	3	1675 1028 623 372
75	6395	0.0	3	2266 2752 895 482
76	17720	0.0	3	11769 3730 1486 735
77	9568	0.0	3	5654 2630 884 400
78	4059	0.0	3	2223 1138 459 239
79	2124	0.0	3	1098 595 290 141
80	1277	0.0	3	656 370 139 112
81	1008	0.0	3	488 273 162 85
82	926	0.0	3	447 258 125 96
83	839	0.0	3	353 260 133 93
84	715	0.0	3	341 203 96 75
85	788	0.0	3	364 213 124 87
86	744	0.0	3	319 215 125 85
87	709	0.0	3	324 196 107 82
88	768	0.0	3	327 214 135 92
89	707	0.0	3	336 188 109 74
90	691	0.0	3	302 188 127 74
91	655	0.0	3	275 195 111 74
92	652	0.0	3	270 185 112 85
93	670	0.0	3	294 177 121 78
94	614	0.0	3	269 178 100 67
95	639	0.0	3	285 178 95 81
96	609	0.0	3	266 173 92 78
97	608	0.0	3	260 194 99 55
98	608	0.0	3	240 181 104 83
99	580	0.0	3	239 167 102 72
100	635	0.0	3	288 183 97 67
101	561	0.0	3	254 129 104 74
102	582	0.0	3	272 160 75 75
103	584	0.0	3	222 173 116 73
104	560	0.0	3	241 168 87 64
105	552	0.0	3	226 164 87 75
106	532	0.0	3	215 148 101 68
107	527	0.0	3	229 133 100 65
108	547	0.0	3	236 158 82 71
109	540	0.0	3	261 129 84 66
110	539	0.0	3	241 147 80 71
111	517	0.0	3	223 157 73 64
112	471	0.0	3	220 134 61 56
113	502	0.0	3	227 135 74 66
114	491	0.0	3	223 126 84 58
115	454	0.0	3	213 131 74 36
116	456	0.0	3	196 142 75 43
117	449	0.0	3	192 123 76 58
118	440	0.0	3	205 129 62 44
119	396	0.0	3	183 125 48 40
120	442	0.0	3	202 128 70 42
121	398	0.0	3	184 98 64 52
122	370	0.0	3	161 99 65 45
123	344	0.0	3	145 102 60 37
124	322	0.0	3	142 94 54 32
125	327	0.0	3	149 99 43 36
126	274	0.0	3	146 60 51 17
127	247	0.0	3	123 74 34 16
128	224	0.0	3	108 63 34 19
129	210	0.0	3	112 54 22 22
130	185	0.0	3	106 50 17 12
131	140	0.0	3	76 34 15 15
132	130	0.0	3	71 33 20 6
133	101	0.0	3	67 19 5 10
134	89	0.0	3	49 26 9 5
135	91	0.0	3	52 21 10 8
136	79	0.0	3	47 14 11 7
137	52	0.0	3	31 14 4 3
138	38	0.0	3	27 7 2 2
139	26	0.0	3	15 9 1 1
140	20	0.0	3	8 9 3
141	13	0.0	3	8 5
142	7	0.0	3	6 0 1
143	4	0.0	3	1 2 1
144	3	0.0	3	0 1 0 2
145	2	0.0	3	1 0 0 1
146	2	0.0	3	0 0 1 1
148	7	0.0	3	0 1 2 4
149	1	0.0	3	1
150	2	0.0	3	0 0 0 2


RUN STATISTICS FOR INPUT FILE: TORN_Pool_4_S4_R1.fastq
=============================================
5567859 sequences processed in total

