
SUMMARISING RUN PARAMETERS
==========================
Input filename: TORN_Pool_5_S5_R1.fastq
Trimming mode: paired-end
Trim Galore version: 0.5.0
Cutadapt version: 1.18
Quality Phred score cutoff: 20
Quality encoding type selected: ASCII+33
Adapter sequence: 'AGATCGGAAGAGCACACGTCTGAACTCCAGTCAC' ()
Maximum trimming error rate: 0.1 (default)
Optional adapter 2 sequence (only used for read 2 of paired-end files): 'AGATCGGAAGAGCGTCGTGTAGGGAAAGAGTGT'
Minimum required adapter overlap (stringency): 1 bp
Minimum required sequence length for both reads before a sequence pair gets removed: 20 bp


This is cutadapt 1.18 with Python 3.7.0
Command line parameters: -f fastq -e 0.1 -q 20 -O 1 -a AGATCGGAAGAGCACACGTCTGAACTCCAGTCAC TORN_Pool_5_S5_R1.fastq
Processing reads on 1 core in single-end mode ...
Finished in 39.59 s (19 us/read; 3.21 M reads/minute).

=== Summary ===

Total reads processed:               2,118,129
Reads with adapters:                   892,348 (42.1%)
Reads written (passing filters):     2,118,129 (100.0%)

Total basepairs processed:   317,719,350 bp
Quality-trimmed:              23,542,858 bp (7.4%)
Total written (filtered):    287,504,688 bp (90.5%)

=== Adapter 1 ===

Sequence: AGATCGGAAGAGCACACGTCTGAACTCCAGTCAC; Type: regular 3'; Length: 34; Trimmed: 892348 times.

No. of allowed errors:
0-9 bp: 0; 10-19 bp: 1; 20-29 bp: 2; 30-34 bp: 3

Bases preceding removed adapters:
  A: 31.1%
  C: 16.7%
  G: 42.4%
  T: 9.7%
  none/other: 0.0%

Overview of removed sequences
length	count	expect	max.err	error counts
1	407679	529532.2	0	407679
2	282097	132383.1	0	282097
3	108432	33095.8	0	108432
4	5856	8273.9	0	5856
5	1268	2068.5	0	1268
6	604	517.1	0	604
7	481	129.3	0	481
8	400	32.3	0	400
9	536	8.1	0	336 200
10	854	2.0	1	397 457
11	730	0.5	1	324 406
12	1177	0.1	1	509 668
13	753	0.0	1	415 338
14	765	0.0	1	418 347
15	470	0.0	1	261 209
16	561	0.0	1	297 264
17	554	0.0	1	303 251
18	705	0.0	1	421 278 6
19	386	0.0	1	209 166 11
20	429	0.0	2	243 121 65
21	451	0.0	2	214 150 87
22	486	0.0	2	241 142 103
23	597	0.0	2	276 212 109
24	645	0.0	2	302 211 132
25	607	0.0	2	304 184 119
26	422	0.0	2	212 141 69
27	492	0.0	2	254 146 84 8
28	559	0.0	2	246 168 136 9
29	516	0.0	2	212 165 109 30
30	600	0.0	3	223 174 130 73
31	526	0.0	3	224 159 82 61
32	509	0.0	3	224 142 89 54
33	490	0.0	3	211 144 73 62
34	583	0.0	3	218 169 123 73
35	643	0.0	3	218 193 125 107
36	758	0.0	3	293 218 157 90
37	846	0.0	3	300 261 165 120
38	980	0.0	3	362 276 214 128
39	750	0.0	3	236 233 172 109
40	1066	0.0	3	397 338 201 130
41	1343	0.0	3	487 356 264 236
42	784	0.0	3	247 278 134 125
43	1030	0.0	3	486 265 166 113
44	332	0.0	3	91 119 77 45
45	240	0.0	3	96 58 44 42
46	308	0.0	3	123 93 49 43
47	677	0.0	3	276 192 124 85
48	549	0.0	3	236 161 93 59
49	614	0.0	3	274 160 104 76
50	619	0.0	3	240 187 115 77
51	711	0.0	3	323 203 104 81
52	680	0.0	3	299 186 110 85
53	797	0.0	3	319 248 135 95
54	1010	0.0	3	403 302 189 116
55	1107	0.0	3	505 304 186 112
56	526	0.0	3	218 162 91 55
57	538	0.0	3	243 166 73 56
58	504	0.0	3	225 146 85 48
59	511	0.0	3	228 156 85 42
60	694	0.0	3	294 223 104 73
61	715	0.0	3	319 193 120 83
62	619	0.0	3	272 178 110 59
63	774	0.0	3	309 244 133 88
64	944	0.0	3	348 304 169 123
65	1903	0.0	3	733 538 368 264
66	1620	0.0	3	675 471 266 208
67	1064	0.0	3	426 344 186 108
68	945	0.0	3	412 272 150 111
69	1002	0.0	3	430 320 158 94
70	1135	0.0	3	494 367 156 118
71	1177	0.0	3	509 363 193 112
72	1270	0.0	3	573 378 215 104
73	1484	0.0	3	629 473 241 141
74	2003	0.0	3	852 595 383 173
75	3558	0.0	3	1291 1437 583 247
76	9335	0.0	3	5884 2207 882 362
77	4731	0.0	3	2574 1422 502 233
78	1910	0.0	3	1004 586 230 90
79	978	0.0	3	479 284 146 69
80	583	0.0	3	270 162 101 50
81	531	0.0	3	243 168 70 50
82	406	0.0	3	177 119 62 48
83	396	0.0	3	163 128 63 42
84	399	0.0	3	191 116 57 35
85	367	0.0	3	152 114 63 38
86	362	0.0	3	147 113 54 48
87	372	0.0	3	143 124 61 44
88	343	0.0	3	164 93 50 36
89	361	0.0	3	135 106 80 40
90	357	0.0	3	132 109 65 51
91	326	0.0	3	129 99 62 36
92	364	0.0	3	150 109 61 44
93	331	0.0	3	134 102 54 41
94	320	0.0	3	120 94 68 38
95	281	0.0	3	107 78 52 44
96	315	0.0	3	113 89 53 60
97	312	0.0	3	113 91 58 50
98	325	0.0	3	123 95 75 32
99	322	0.0	3	148 84 50 40
100	321	0.0	3	122 105 58 36
101	324	0.0	3	145 86 49 44
102	281	0.0	3	115 76 55 35
103	269	0.0	3	108 82 47 32
104	291	0.0	3	125 72 56 38
105	285	0.0	3	109 84 59 33
106	245	0.0	3	94 73 44 34
107	257	0.0	3	119 70 35 33
108	280	0.0	3	119 77 51 33
109	252	0.0	3	106 68 46 32
110	287	0.0	3	114 83 62 28
111	259	0.0	3	110 73 38 38
112	262	0.0	3	117 69 44 32
113	220	0.0	3	99 71 31 19
114	270	0.0	3	117 72 46 35
115	251	0.0	3	104 69 40 38
116	205	0.0	3	90 59 31 25
117	210	0.0	3	100 62 31 17
118	215	0.0	3	85 75 31 24
119	172	0.0	3	71 55 26 20
120	169	0.0	3	74 50 28 17
121	195	0.0	3	85 62 25 23
122	165	0.0	3	62 49 29 25
123	184	0.0	3	72 60 33 19
124	158	0.0	3	66 51 26 15
125	131	0.0	3	68 40 16 7
126	138	0.0	3	55 43 26 14
127	109	0.0	3	45 39 15 10
128	106	0.0	3	49 34 15 8
129	107	0.0	3	50 31 15 11
130	71	0.0	3	39 23 4 5
131	70	0.0	3	35 22 10 3
132	37	0.0	3	22 11 3 1
133	43	0.0	3	22 13 4 4
134	32	0.0	3	18 9 4 1
135	31	0.0	3	19 8 4
136	11	0.0	3	6 3 2
137	21	0.0	3	12 7 2
138	12	0.0	3	9 1 1 1
139	8	0.0	3	6 1 0 1
140	7	0.0	3	3 4
141	4	0.0	3	2 1 1
143	1	0.0	3	0 1
144	1	0.0	3	1
145	1	0.0	3	1
148	1	0.0	3	0 0 1
150	2	0.0	3	0 0 0 2


RUN STATISTICS FOR INPUT FILE: TORN_Pool_5_S5_R1.fastq
=============================================
2118129 sequences processed in total

