
SUMMARISING RUN PARAMETERS
==========================
Input filename: TORN_Pool_9_S9_R1.fastq
Trimming mode: paired-end
Trim Galore version: 0.5.0
Cutadapt version: 1.18
Quality Phred score cutoff: 20
Quality encoding type selected: ASCII+33
Adapter sequence: 'AGATCGGAAGAGCACACGTCTGAACTCCAGTCAC' ()
Maximum trimming error rate: 0.1 (default)
Optional adapter 2 sequence (only used for read 2 of paired-end files): 'AGATCGGAAGAGCGTCGTGTAGGGAAAGAGTGT'
Minimum required adapter overlap (stringency): 1 bp
Minimum required sequence length for both reads before a sequence pair gets removed: 20 bp


This is cutadapt 1.18 with Python 3.7.0
Command line parameters: -f fastq -e 0.1 -q 20 -O 1 -a AGATCGGAAGAGCACACGTCTGAACTCCAGTCAC TORN_Pool_9_S9_R1.fastq
Processing reads on 1 core in single-end mode ...
Finished in 96.22 s (19 us/read; 3.14 M reads/minute).

=== Summary ===

Total reads processed:               5,039,221
Reads with adapters:                 2,241,825 (44.5%)
Reads written (passing filters):     5,039,221 (100.0%)

Total basepairs processed:   755,883,150 bp
Quality-trimmed:              56,765,195 bp (7.5%)
Total written (filtered):    682,761,972 bp (90.3%)

=== Adapter 1 ===

Sequence: AGATCGGAAGAGCACACGTCTGAACTCCAGTCAC; Type: regular 3'; Length: 34; Trimmed: 2241825 times.

No. of allowed errors:
0-9 bp: 0; 10-19 bp: 1; 20-29 bp: 2; 30-34 bp: 3

Bases preceding removed adapters:
  A: 28.3%
  C: 16.5%
  G: 46.9%
  T: 8.4%
  none/other: 0.0%

Overview of removed sequences
length	count	expect	max.err	error counts
1	946119	1259805.2	0	946119
2	773976	314951.3	0	773976
3	295153	78737.8	0	295153
4	14771	19684.5	0	14771
5	3088	4921.1	0	3088
6	1377	1230.3	0	1377
7	1068	307.6	0	1068
8	978	76.9	0	978
9	1185	19.2	0	744 441
10	1983	4.8	1	820 1163
11	1783	1.2	1	736 1047
12	2553	0.3	1	1160 1393
13	1810	0.1	1	936 874
14	1647	0.0	1	878 769
15	1080	0.0	1	603 477
16	1160	0.0	1	650 510
17	1409	0.0	1	752 657
18	1913	0.0	1	1094 807 12
19	921	0.0	1	548 342 31
20	1012	0.0	2	541 302 169
21	1055	0.0	2	522 325 208
22	1165	0.0	2	574 354 237
23	1334	0.0	2	651 397 286
24	1358	0.0	2	644 423 291
25	1346	0.0	2	672 421 253
26	921	0.0	2	463 292 166
27	1097	0.0	2	564 330 203
28	1376	0.0	2	666 415 282 13
29	1202	0.0	2	606 342 205 49
30	1563	0.0	3	682 430 259 192
31	1169	0.0	3	516 346 179 128
32	1323	0.0	3	652 341 200 130
33	1058	0.0	3	459 281 202 116
34	1463	0.0	3	648 410 227 178
35	1594	0.0	3	624 465 295 210
36	1782	0.0	3	706 510 313 253
37	1707	0.0	3	678 489 314 226
38	1859	0.0	3	730 543 319 267
39	2241	0.0	3	891 594 436 320
40	2045	0.0	3	721 613 410 301
41	2856	0.0	3	1199 792 487 378
42	2680	0.0	3	958 787 536 399
43	2728	0.0	3	1378 645 415 290
44	777	0.0	3	285 251 138 103
45	770	0.0	3	392 200 100 78
46	799	0.0	3	361 235 113 90
47	1723	0.0	3	737 425 332 229
48	1442	0.0	3	615 396 237 194
49	1521	0.0	3	726 400 245 150
50	1393	0.0	3	598 411 230 154
51	1813	0.0	3	862 476 286 189
52	1715	0.0	3	719 544 255 197
53	1888	0.0	3	853 501 315 219
54	2361	0.0	3	1023 654 388 296
55	2663	0.0	3	1365 681 340 277
56	1396	0.0	3	678 388 198 132
57	1248	0.0	3	593 366 160 129
58	1251	0.0	3	641 327 154 129
59	1304	0.0	3	701 340 146 117
60	1569	0.0	3	748 416 215 190
61	1744	0.0	3	812 457 275 200
62	1443	0.0	3	646 414 223 160
63	1909	0.0	3	908 519 273 209
64	2341	0.0	3	989 655 420 277
65	4382	0.0	3	1839 1160 798 585
66	3935	0.0	3	1842 1083 588 422
67	2361	0.0	3	1099 632 387 243
68	2240	0.0	3	1114 590 319 217
69	2457	0.0	3	1200 659 380 218
70	2607	0.0	3	1301 681 365 260
71	2715	0.0	3	1301 759 397 258
72	3120	0.0	3	1546 877 419 278
73	3712	0.0	3	1859 984 521 348
74	4735	0.0	3	2322 1242 797 374
75	8608	0.0	3	3610 3365 1084 549
76	22610	0.0	3	16074 4133 1651 752
77	11528	0.0	3	7193 2899 983 453
78	4769	0.0	3	2853 1208 478 230
79	2338	0.0	3	1335 567 287 149
80	1521	0.0	3	784 418 189 130
81	1201	0.0	3	629 292 162 118
82	1039	0.0	3	504 281 151 103
83	942	0.0	3	479 226 142 95
84	977	0.0	3	495 248 134 100
85	894	0.0	3	470 226 120 78
86	896	0.0	3	409 237 153 97
87	900	0.0	3	425 249 136 90
88	800	0.0	3	370 219 120 91
89	888	0.0	3	389 247 137 115
90	771	0.0	3	382 201 114 74
91	806	0.0	3	414 211 116 65
92	776	0.0	3	358 201 116 101
93	796	0.0	3	383 200 122 91
94	761	0.0	3	349 204 112 96
95	715	0.0	3	351 195 104 65
96	760	0.0	3	346 191 129 94
97	753	0.0	3	373 192 110 78
98	750	0.0	3	354 189 97 110
99	716	0.0	3	329 175 112 100
100	739	0.0	3	326 221 108 84
101	744	0.0	3	338 211 103 92
102	682	0.0	3	328 182 90 82
103	702	0.0	3	337 201 116 48
104	697	0.0	3	324 185 97 91
105	655	0.0	3	320 157 108 70
106	661	0.0	3	316 181 101 63
107	694	0.0	3	313 176 101 104
108	635	0.0	3	316 179 82 58
109	668	0.0	3	327 171 91 79
110	600	0.0	3	296 142 91 71
111	626	0.0	3	289 160 107 70
112	608	0.0	3	282 166 95 65
113	558	0.0	3	292 131 72 63
114	581	0.0	3	291 154 71 65
115	552	0.0	3	264 141 76 71
116	506	0.0	3	237 143 70 56
117	519	0.0	3	255 132 71 61
118	519	0.0	3	251 129 81 58
119	458	0.0	3	236 115 60 47
120	484	0.0	3	252 109 70 53
121	499	0.0	3	228 126 75 70
122	425	0.0	3	209 107 70 39
123	423	0.0	3	199 114 63 47
124	375	0.0	3	195 94 48 38
125	345	0.0	3	176 86 54 29
126	327	0.0	3	158 79 55 35
127	299	0.0	3	160 70 39 30
128	245	0.0	3	132 70 26 17
129	219	0.0	3	111 52 33 23
130	198	0.0	3	115 55 18 10
131	166	0.0	3	105 32 20 9
132	142	0.0	3	82 34 21 5
133	115	0.0	3	71 29 13 2
134	89	0.0	3	51 19 7 12
135	86	0.0	3	66 12 4 4
136	59	0.0	3	35 11 7 6
137	57	0.0	3	34 11 8 4
138	38	0.0	3	24 9 3 2
139	19	0.0	3	12 4 3
140	19	0.0	3	14 1 2 2
141	10	0.0	3	6 1 2 1
142	6	0.0	3	4 0 1 1
143	11	0.0	3	7 0 1 3
146	2	0.0	3	0 1 0 1
148	3	0.0	3	0 0 1 2
149	2	0.0	3	1 0 0 1
150	1	0.0	3	0 0 0 1


RUN STATISTICS FOR INPUT FILE: TORN_Pool_9_S9_R1.fastq
=============================================
5039221 sequences processed in total

