
SUMMARISING RUN PARAMETERS
==========================
Input filename: TORN_Pool_10_S10_R1.fastq
Trimming mode: paired-end
Trim Galore version: 0.5.0
Cutadapt version: 1.18
Quality Phred score cutoff: 20
Quality encoding type selected: ASCII+33
Adapter sequence: 'AGATCGGAAGAGCACACGTCTGAACTCCAGTCAC' ()
Maximum trimming error rate: 0.1 (default)
Optional adapter 2 sequence (only used for read 2 of paired-end files): 'AGATCGGAAGAGCGTCGTGTAGGGAAAGAGTGT'
Minimum required adapter overlap (stringency): 1 bp
Minimum required sequence length for both reads before a sequence pair gets removed: 20 bp


This is cutadapt 1.18 with Python 3.7.0
Command line parameters: -f fastq -e 0.1 -q 20 -O 1 -a AGATCGGAAGAGCACACGTCTGAACTCCAGTCAC TORN_Pool_10_S10_R1.fastq
Processing reads on 1 core in single-end mode ...
Finished in 75.03 s (19 us/read; 3.13 M reads/minute).

=== Summary ===

Total reads processed:               3,917,453
Reads with adapters:                 1,808,530 (46.2%)
Reads written (passing filters):     3,917,453 (100.0%)

Total basepairs processed:   587,617,950 bp
Quality-trimmed:              53,785,496 bp (9.2%)
Total written (filtered):    517,948,187 bp (88.1%)

=== Adapter 1 ===

Sequence: AGATCGGAAGAGCACACGTCTGAACTCCAGTCAC; Type: regular 3'; Length: 34; Trimmed: 1808530 times.

No. of allowed errors:
0-9 bp: 0; 10-19 bp: 1; 20-29 bp: 2; 30-34 bp: 3

Bases preceding removed adapters:
  A: 27.9%
  C: 13.1%
  G: 52.9%
  T: 6.0%
  none/other: 0.0%

Overview of removed sequences
length	count	expect	max.err	error counts
1	689647	979363.2	0	689647
2	679670	244840.8	0	679670
3	216778	61210.2	0	216778
4	9838	15302.6	0	9838
5	1820	3825.6	0	1820
6	1182	956.4	0	1182
7	1090	239.1	0	1090
8	908	59.8	0	908
9	1048	14.9	0	731 317
10	1849	3.7	1	851 998
11	1647	0.9	1	763 884
12	2682	0.2	1	1201 1481
13	1735	0.1	1	840 895
14	1568	0.0	1	803 765
15	1022	0.0	1	565 457
16	1157	0.0	1	672 485
17	1159	0.0	1	686 473
18	1542	0.0	1	855 679 8
19	1013	0.0	1	578 400 35
20	1012	0.0	2	562 270 180
21	1148	0.0	2	558 358 232
22	1482	0.0	2	718 465 299
23	1387	0.0	2	591 477 319
24	1512	0.0	2	746 466 300
25	1300	0.0	2	679 397 224
26	941	0.0	2	477 303 161
27	1039	0.0	2	530 314 193 2
28	1321	0.0	2	641 395 274 11
29	1185	0.0	2	530 394 220 41
30	1530	0.0	3	713 393 257 167
31	1151	0.0	3	506 351 181 113
32	1235	0.0	3	555 337 204 139
33	1139	0.0	3	512 338 159 130
34	1494	0.0	3	642 384 261 207
35	1509	0.0	3	606 434 249 220
36	1605	0.0	3	657 436 276 236
37	1861	0.0	3	691 520 365 285
38	2039	0.0	3	791 546 410 292
39	2102	0.0	3	793 589 406 314
40	2159	0.0	3	765 646 442 306
41	3587	0.0	3	1498 929 689 471
42	1857	0.0	3	606 672 341 238
43	2903	0.0	3	1620 613 390 280
44	879	0.0	3	280 297 181 121
45	724	0.0	3	335 190 114 85
46	784	0.0	3	386 219 109 70
47	1292	0.0	3	617 368 192 115
48	1322	0.0	3	652 357 183 130
49	1451	0.0	3	685 390 226 150
50	1417	0.0	3	657 407 214 139
51	1745	0.0	3	880 460 242 163
52	1879	0.0	3	867 546 279 187
53	2035	0.0	3	957 541 341 196
54	2141	0.0	3	874 626 382 259
55	2901	0.0	3	1452 796 382 271
56	1483	0.0	3	721 418 203 141
57	1196	0.0	3	600 318 168 110
58	1170	0.0	3	592 329 158 91
59	1240	0.0	3	668 332 148 92
60	1373	0.0	3	711 359 175 128
61	1545	0.0	3	766 390 252 137
62	1481	0.0	3	710 437 207 127
63	1693	0.0	3	806 470 249 168
64	2056	0.0	3	891 595 340 230
65	3461	0.0	3	1476 932 617 436
66	3331	0.0	3	1554 871 534 372
67	2319	0.0	3	1062 681 382 194
68	2259	0.0	3	1074 628 341 216
69	2390	0.0	3	1145 654 364 227
70	2569	0.0	3	1246 713 361 249
71	2793	0.0	3	1354 789 413 237
72	3102	0.0	3	1511 892 443 256
73	3649	0.0	3	1763 1007 511 368
74	5071	0.0	3	2402 1375 856 438
75	9392	0.0	3	3538 3948 1198 708
76	25780	0.0	3	18132 4946 1779 923
77	13126	0.0	3	8299 3252 1072 503
78	5334	0.0	3	3101 1436 535 262
79	2567	0.0	3	1500 659 258 150
80	1558	0.0	3	836 414 174 134
81	1209	0.0	3	610 330 158 111
82	1087	0.0	3	571 267 152 97
83	982	0.0	3	509 260 121 92
84	912	0.0	3	438 257 134 83
85	818	0.0	3	422 211 103 82
86	796	0.0	3	389 213 100 94
87	796	0.0	3	391 207 109 89
88	831	0.0	3	399 219 112 101
89	800	0.0	3	392 200 132 76
90	742	0.0	3	333 200 127 82
91	714	0.0	3	363 166 107 78
92	747	0.0	3	377 199 89 82
93	711	0.0	3	319 198 109 85
94	683	0.0	3	320 180 106 77
95	741	0.0	3	361 205 97 78
96	763	0.0	3	363 175 120 105
97	717	0.0	3	340 190 102 85
98	687	0.0	3	327 177 107 76
99	712	0.0	3	329 198 107 78
100	733	0.0	3	342 211 106 74
101	643	0.0	3	307 165 92 79
102	634	0.0	3	303 183 81 67
103	612	0.0	3	283 172 87 70
104	646	0.0	3	319 188 78 61
105	636	0.0	3	298 172 95 71
106	632	0.0	3	320 159 79 74
107	610	0.0	3	291 152 100 67
108	617	0.0	3	281 167 95 74
109	652	0.0	3	325 164 93 70
110	555	0.0	3	250 158 86 61
111	610	0.0	3	291 148 98 73
112	595	0.0	3	272 150 110 63
113	566	0.0	3	256 153 79 78
114	534	0.0	3	269 137 80 48
115	546	0.0	3	275 148 63 60
116	544	0.0	3	294 132 66 52
117	542	0.0	3	270 150 71 51
118	497	0.0	3	249 128 74 46
119	496	0.0	3	236 116 79 65
120	485	0.0	3	234 129 68 54
121	499	0.0	3	238 145 69 47
122	429	0.0	3	199 125 58 47
123	421	0.0	3	215 110 58 38
124	372	0.0	3	174 97 64 37
125	372	0.0	3	184 102 60 26
126	373	0.0	3	191 87 54 41
127	277	0.0	3	153 69 29 26
128	262	0.0	3	128 71 40 23
129	256	0.0	3	146 63 29 18
130	216	0.0	3	118 57 22 19
131	153	0.0	3	89 38 14 12
132	139	0.0	3	67 46 17 9
133	123	0.0	3	85 23 9 6
134	98	0.0	3	60 27 7 4
135	73	0.0	3	43 16 10 4
136	80	0.0	3	44 20 8 8
137	56	0.0	3	32 15 6 3
138	38	0.0	3	25 9 4
139	26	0.0	3	20 4 1 1
140	26	0.0	3	13 5 6 2
141	20	0.0	3	12 5 1 2
142	12	0.0	3	7 2 1 2
143	5	0.0	3	1 2 0 2
144	1	0.0	3	1
145	2	0.0	3	0 0 0 2
146	2	0.0	3	1 0 0 1
148	1	0.0	3	0 0 0 1
149	2	0.0	3	0 1 0 1
150	2	0.0	3	0 0 0 2


RUN STATISTICS FOR INPUT FILE: TORN_Pool_10_S10_R1.fastq
=============================================
3917453 sequences processed in total

