
SUMMARISING RUN PARAMETERS
==========================
Input filename: TORN_Pool_8_S8_R2.fastq
Trimming mode: paired-end
Trim Galore version: 0.5.0
Cutadapt version: 1.18
Quality Phred score cutoff: 20
Quality encoding type selected: ASCII+33
Adapter sequence: 'AGATCGGAAGAGCACACGTCTGAACTCCAGTCAC' ()
Maximum trimming error rate: 0.1 (default)
Optional adapter 2 sequence (only used for read 2 of paired-end files): 'AGATCGGAAGAGCGTCGTGTAGGGAAAGAGTGT'
Minimum required adapter overlap (stringency): 1 bp
Minimum required sequence length for both reads before a sequence pair gets removed: 20 bp


This is cutadapt 1.18 with Python 3.7.0
Command line parameters: -f fastq -e 0.1 -q 20 -O 1 -a AGATCGGAAGAGCGTCGTGTAGGGAAAGAGTGT TORN_Pool_8_S8_R2.fastq
Processing reads on 1 core in single-end mode ...
Finished in 73.55 s (17 us/read; 3.56 M reads/minute).

=== Summary ===

Total reads processed:               4,358,215
Reads with adapters:                 1,320,851 (30.3%)
Reads written (passing filters):     4,358,215 (100.0%)

Total basepairs processed:   653,732,250 bp
Quality-trimmed:             126,145,279 bp (19.3%)
Total written (filtered):    519,120,696 bp (79.4%)

=== Adapter 1 ===

Sequence: AGATCGGAAGAGCGTCGTGTAGGGAAAGAGTGT; Type: regular 3'; Length: 33; Trimmed: 1320851 times.

No. of allowed errors:
0-9 bp: 0; 10-19 bp: 1; 20-29 bp: 2; 30-33 bp: 3

Bases preceding removed adapters:
  A: 30.1%
  C: 28.9%
  G: 26.6%
  T: 12.7%
  none/other: 1.6%

Overview of removed sequences
length	count	expect	max.err	error counts
1	842534	1089553.8	0	842534
2	272342	272388.4	0	272342
3	83978	68097.1	0	83978
4	8407	17024.3	0	8407
5	3210	4256.1	0	3210
6	1314	1064.0	0	1314
7	876	266.0	0	876
8	431	66.5	0	431
9	547	16.6	0	442 105
10	833	4.2	1	442 391
11	746	1.0	1	324 422
12	1288	0.3	1	725 563
13	704	0.1	1	397 307
14	1480	0.0	1	967 513
15	311	0.0	1	197 114
16	486	0.0	1	335 151
17	529	0.0	1	360 169
18	194	0.0	1	96 96 2
19	469	0.0	1	335 130 4
20	315	0.0	2	171 86 58
21	262	0.0	2	131 84 47
22	501	0.0	2	257 146 98
23	557	0.0	2	272 164 121
24	781	0.0	2	387 234 160
25	373	0.0	2	163 131 79
26	393	0.0	2	211 112 70
27	410	0.0	2	218 122 68 2
28	472	0.0	2	245 128 87 12
29	393	0.0	2	145 121 94 33
30	1201	0.0	3	482 330 217 172
31	286	0.0	3	62 102 71 51
32	569	0.0	3	253 131 110 75
33	400	0.0	3	161 114 75 50
34	524	0.0	3	246 134 87 57
35	907	0.0	3	306 264 192 145
36	1452	0.0	3	479 420 317 236
37	1006	0.0	3	386 277 213 130
38	629	0.0	3	281 160 108 80
39	460	0.0	3	213 110 74 63
40	540	0.0	3	222 146 102 70
41	858	0.0	3	351 225 165 117
42	1222	0.0	3	587 305 197 133
43	418	0.0	3	132 132 98 56
44	1086	0.0	3	486 288 186 126
45	1456	0.0	3	686 379 228 163
46	552	0.0	3	273 134 80 65
47	485	0.0	3	192 154 83 56
48	1083	0.0	3	566 284 141 92
49	618	0.0	3	278 168 108 64
50	521	0.0	3	225 154 79 63
51	1110	0.0	3	641 242 131 96
52	278	0.0	3	91 105 52 30
53	437	0.0	3	257 84 57 39
54	412	0.0	3	209 110 58 35
55	647	0.0	3	317 174 88 68
56	757	0.0	3	383 188 121 65
57	704	0.0	3	324 208 104 68
58	791	0.0	3	394 180 130 87
59	915	0.0	3	434 233 144 104
60	993	0.0	3	495 247 153 98
61	1007	0.0	3	489 253 144 121
62	1095	0.0	3	501 288 188 118
63	1271	0.0	3	645 305 181 140
64	1466	0.0	3	689 396 234 147
65	2038	0.0	3	961 543 302 232
66	3059	0.0	3	1431 765 563 300
67	5490	0.0	3	2050 2341 734 365
68	24190	0.0	3	17968 3989 1459 774
69	8338	0.0	3	5490 1942 601 305
70	3018	0.0	3	1944 658 270 146
71	1265	0.0	3	762 299 123 81
72	793	0.0	3	477 163 93 60
73	685	0.0	3	387 160 80 58
74	541	0.0	3	287 107 80 67
75	447	0.0	3	252 107 50 38
76	428	0.0	3	240 103 53 32
77	430	0.0	3	235 100 54 41
78	400	0.0	3	230 82 50 38
79	384	0.0	3	193 110 52 29
80	369	0.0	3	197 83 53 36
81	338	0.0	3	178 63 62 35
82	287	0.0	3	139 74 37 37
83	327	0.0	3	186 64 47 30
84	300	0.0	3	151 74 37 38
85	312	0.0	3	159 70 48 35
86	328	0.0	3	156 82 47 43
87	314	0.0	3	159 79 39 37
88	315	0.0	3	150 92 39 34
89	322	0.0	3	165 62 50 45
90	341	0.0	3	165 86 48 42
91	336	0.0	3	163 82 56 35
92	359	0.0	3	181 90 54 34
93	316	0.0	3	159 74 47 36
94	346	0.0	3	161 88 59 38
95	313	0.0	3	162 73 40 38
96	345	0.0	3	183 77 44 41
97	366	0.0	3	195 85 52 34
98	367	0.0	3	198 95 38 36
99	349	0.0	3	201 77 41 30
100	371	0.0	3	206 84 41 40
101	391	0.0	3	195 95 55 46
102	353	0.0	3	193 79 47 34
103	384	0.0	3	185 96 54 49
104	349	0.0	3	214 69 34 32
105	348	0.0	3	176 86 45 41
106	361	0.0	3	179 87 56 39
107	367	0.0	3	199 90 36 42
108	348	0.0	3	183 74 52 39
109	329	0.0	3	165 80 48 36
110	319	0.0	3	159 67 43 50
111	302	0.0	3	161 61 42 38
112	317	0.0	3	168 64 50 35
113	304	0.0	3	155 68 40 41
114	317	0.0	3	165 75 35 42
115	333	0.0	3	184 76 46 27
116	335	0.0	3	188 72 39 36
117	298	0.0	3	157 72 40 29
118	278	0.0	3	154 67 33 24
119	283	0.0	3	145 67 38 33
120	271	0.0	3	150 58 26 37
121	251	0.0	3	126 56 39 30
122	295	0.0	3	173 65 33 24
123	254	0.0	3	139 55 37 23
124	219	0.0	3	117 45 34 23
125	211	0.0	3	121 44 26 20
126	190	0.0	3	98 39 33 20
127	161	0.0	3	75 40 28 18
128	142	0.0	3	84 26 8 24
129	110	0.0	3	60 23 12 15
130	97	0.0	3	63 17 9 8
131	89	0.0	3	57 16 6 10
132	66	0.0	3	38 14 6 8
133	77	0.0	3	42 19 9 7
134	50	0.0	3	37 8 2 3
135	50	0.0	3	30 5 6 9
136	35	0.0	3	24 3 5 3
137	39	0.0	3	29 6 3 1
138	16	0.0	3	9 5 0 2
139	21	0.0	3	9 3 3 6
140	9	0.0	3	5 3 0 1
141	13	0.0	3	3 4 3 3
142	4	0.0	3	1 0 0 3
143	5	0.0	3	1 0 3 1
144	5	0.0	3	0 0 1 4
145	3	0.0	3	0 1 0 2
146	7	0.0	3	0 1 0 6
147	1	0.0	3	0 0 0 1
148	8	0.0	3	1 1 2 4
149	7	0.0	3	1 1 0 5
150	10	0.0	3	1 0 1 8


RUN STATISTICS FOR INPUT FILE: TORN_Pool_8_S8_R2.fastq
=============================================
4358215 sequences processed in total

Total number of sequences analysed for the sequence pair length validation: 4358215

Number of sequence pairs removed because at least one read was shorter than the length cutoff (20 bp): 371169 (8.52%)
