
SUMMARISING RUN PARAMETERS
==========================
Input filename: TORN_Pool_8_S8_R1.fastq
Trimming mode: paired-end
Trim Galore version: 0.5.0
Cutadapt version: 1.18
Quality Phred score cutoff: 20
Quality encoding type selected: ASCII+33
Adapter sequence: 'AGATCGGAAGAGCACACGTCTGAACTCCAGTCAC' ()
Maximum trimming error rate: 0.1 (default)
Optional adapter 2 sequence (only used for read 2 of paired-end files): 'AGATCGGAAGAGCGTCGTGTAGGGAAAGAGTGT'
Minimum required adapter overlap (stringency): 1 bp
Minimum required sequence length for both reads before a sequence pair gets removed: 20 bp


This is cutadapt 1.18 with Python 3.7.0
Command line parameters: -f fastq -e 0.1 -q 20 -O 1 -a AGATCGGAAGAGCACACGTCTGAACTCCAGTCAC TORN_Pool_8_S8_R1.fastq
Processing reads on 1 core in single-end mode ...
Finished in 92.15 s (21 us/read; 2.84 M reads/minute).

=== Summary ===

Total reads processed:               4,358,215
Reads with adapters:                 1,698,869 (39.0%)
Reads written (passing filters):     4,358,215 (100.0%)

Total basepairs processed:   653,732,250 bp
Quality-trimmed:              27,611,820 bp (4.2%)
Total written (filtered):    617,286,867 bp (94.4%)

=== Adapter 1 ===

Sequence: AGATCGGAAGAGCACACGTCTGAACTCCAGTCAC; Type: regular 3'; Length: 34; Trimmed: 1698869 times.

No. of allowed errors:
0-9 bp: 0; 10-19 bp: 1; 20-29 bp: 2; 30-34 bp: 3

Bases preceding removed adapters:
  A: 31.2%
  C: 21.9%
  G: 37.3%
  T: 9.6%
  none/other: 0.0%

Overview of removed sequences
length	count	expect	max.err	error counts
1	964132	1089553.8	0	964132
2	459002	272388.4	0	459002
3	153548	68097.1	0	153548
4	15765	17024.3	0	15765
5	2673	4256.1	0	2673
6	890	1064.0	0	890
7	897	266.0	0	897
8	472	66.5	0	472
9	708	16.6	0	431 277
10	1212	4.2	1	402 810
11	1007	1.0	1	371 636
12	1123	0.3	1	499 624
13	806	0.1	1	444 362
14	805	0.0	1	434 371
15	540	0.0	1	323 217
16	554	0.0	1	330 224
17	675	0.0	1	379 296
18	814	0.0	1	440 364 10
19	512	0.0	1	303 187 22
20	554	0.0	2	266 179 109
21	674	0.0	2	312 213 149
22	718	0.0	2	336 227 155
23	714	0.0	2	316 214 184
24	755	0.0	2	346 249 160
25	666	0.0	2	342 202 122
26	403	0.0	2	204 134 65
27	518	0.0	2	252 162 102 2
28	678	0.0	2	315 208 151 4
29	571	0.0	2	240 171 141 19
30	720	0.0	3	316 188 135 81
31	592	0.0	3	249 165 114 64
32	645	0.0	3	279 186 98 82
33	548	0.0	3	216 181 85 66
34	736	0.0	3	319 219 110 88
35	711	0.0	3	295 189 145 82
36	709	0.0	3	293 193 125 98
37	893	0.0	3	358 249 162 124
38	1015	0.0	3	430 266 180 139
39	552	0.0	3	201 168 115 68
40	1173	0.0	3	462 297 228 186
41	1021	0.0	3	374 272 216 159
42	1142	0.0	3	424 360 202 156
43	1616	0.0	3	830 373 230 183
44	498	0.0	3	173 167 88 70
45	333	0.0	3	163 79 52 39
46	381	0.0	3	180 100 60 41
47	693	0.0	3	304 167 134 88
48	614	0.0	3	275 189 77 73
49	741	0.0	3	343 194 123 81
50	667	0.0	3	286 191 125 65
51	857	0.0	3	405 233 125 94
52	880	0.0	3	350 247 162 121
53	953	0.0	3	421 257 159 116
54	1160	0.0	3	485 334 192 149
55	1380	0.0	3	667 378 201 134
56	749	0.0	3	342 198 124 85
57	645	0.0	3	288 176 122 59
58	611	0.0	3	295 173 92 51
59	641	0.0	3	321 176 80 64
60	745	0.0	3	363 193 111 78
61	778	0.0	3	378 190 124 86
62	642	0.0	3	287 186 102 67
63	924	0.0	3	444 245 151 84
64	1094	0.0	3	460 291 188 155
65	1734	0.0	3	771 479 274 210
66	1726	0.0	3	768 477 278 203
67	1179	0.0	3	515 349 180 135
68	1145	0.0	3	533 321 178 113
69	1197	0.0	3	555 339 163 140
70	1212	0.0	3	574 314 198 126
71	1320	0.0	3	658 340 191 131
72	1523	0.0	3	714 432 231 146
73	1840	0.0	3	887 496 268 189
74	2402	0.0	3	1093 677 418 214
75	4323	0.0	3	1770 1684 594 275
76	11539	0.0	3	8067 2213 850 409
77	5821	0.0	3	3587 1498 485 251
78	2501	0.0	3	1413 672 276 140
79	1198	0.0	3	656 312 145 85
80	761	0.0	3	390 209 98 64
81	586	0.0	3	307 139 74 66
82	516	0.0	3	264 137 64 51
83	523	0.0	3	247 134 88 54
84	461	0.0	3	215 120 71 55
85	479	0.0	3	229 124 70 56
86	461	0.0	3	215 118 76 52
87	404	0.0	3	197 92 59 56
88	404	0.0	3	188 120 61 35
89	414	0.0	3	188 116 65 45
90	432	0.0	3	199 128 61 44
91	419	0.0	3	186 112 63 58
92	410	0.0	3	188 91 75 56
93	389	0.0	3	169 109 61 50
94	361	0.0	3	171 89 65 36
95	362	0.0	3	148 109 62 43
96	414	0.0	3	196 109 63 46
97	394	0.0	3	194 96 66 38
98	406	0.0	3	168 110 78 50
99	387	0.0	3	182 83 64 58
100	339	0.0	3	148 99 50 42
101	356	0.0	3	161 103 50 42
102	379	0.0	3	173 83 74 49
103	357	0.0	3	151 99 61 46
104	341	0.0	3	172 76 48 45
105	369	0.0	3	157 95 73 44
106	338	0.0	3	157 88 56 37
107	329	0.0	3	143 97 44 45
108	319	0.0	3	157 89 33 40
109	316	0.0	3	144 82 53 37
110	316	0.0	3	159 76 53 28
111	312	0.0	3	149 84 48 31
112	326	0.0	3	162 82 52 30
113	291	0.0	3	130 73 40 48
114	314	0.0	3	136 93 50 35
115	302	0.0	3	154 75 45 28
116	281	0.0	3	145 71 34 31
117	289	0.0	3	137 76 47 29
118	255	0.0	3	104 67 45 39
119	260	0.0	3	121 67 49 23
120	219	0.0	3	101 68 25 25
121	226	0.0	3	99 58 43 26
122	251	0.0	3	121 71 30 29
123	228	0.0	3	110 51 37 30
124	201	0.0	3	91 58 32 20
125	196	0.0	3	72 55 42 27
126	160	0.0	3	82 41 20 17
127	156	0.0	3	64 54 24 14
128	137	0.0	3	74 37 15 11
129	109	0.0	3	57 26 20 6
130	106	0.0	3	65 22 11 8
131	84	0.0	3	36 30 11 7
132	64	0.0	3	38 20 3 3
133	57	0.0	3	36 15 4 2
134	50	0.0	3	29 15 4 2
135	34	0.0	3	22 5 4 3
136	32	0.0	3	17 8 5 2
137	25	0.0	3	14 8 2 1
138	9	0.0	3	5 3 1
139	18	0.0	3	9 3 3 3
140	10	0.0	3	8 2
141	7	0.0	3	3 3 1
142	2	0.0	3	1 1
144	2	0.0	3	0 0 1 1
145	1	0.0	3	0 0 0 1
146	2	0.0	3	2
148	1	0.0	3	1
149	5	0.0	3	3 1 0 1


RUN STATISTICS FOR INPUT FILE: TORN_Pool_8_S8_R1.fastq
=============================================
4358215 sequences processed in total

