
SUMMARISING RUN PARAMETERS
==========================
Input filename: TORN_Pool_5_S5_R2.fastq
Trimming mode: paired-end
Trim Galore version: 0.5.0
Cutadapt version: 1.18
Quality Phred score cutoff: 20
Quality encoding type selected: ASCII+33
Adapter sequence: 'AGATCGGAAGAGCACACGTCTGAACTCCAGTCAC' ()
Maximum trimming error rate: 0.1 (default)
Optional adapter 2 sequence (only used for read 2 of paired-end files): 'AGATCGGAAGAGCGTCGTGTAGGGAAAGAGTGT'
Minimum required adapter overlap (stringency): 1 bp
Minimum required sequence length for both reads before a sequence pair gets removed: 20 bp


This is cutadapt 1.18 with Python 3.7.0
Command line parameters: -f fastq -e 0.1 -q 20 -O 1 -a AGATCGGAAGAGCGTCGTGTAGGGAAAGAGTGT TORN_Pool_5_S5_R2.fastq
Processing reads on 1 core in single-end mode ...
Finished in 34.06 s (16 us/read; 3.73 M reads/minute).

=== Summary ===

Total reads processed:               2,118,129
Reads with adapters:                   715,732 (33.8%)
Reads written (passing filters):     2,118,129 (100.0%)

Total basepairs processed:   317,719,350 bp
Quality-trimmed:              78,518,408 bp (24.7%)
Total written (filtered):    232,401,121 bp (73.1%)

=== Adapter 1 ===

Sequence: AGATCGGAAGAGCGTCGTGTAGGGAAAGAGTGT; Type: regular 3'; Length: 33; Trimmed: 715732 times.

No. of allowed errors:
0-9 bp: 0; 10-19 bp: 1; 20-29 bp: 2; 30-33 bp: 3

Bases preceding removed adapters:
  A: 30.6%
  C: 20.4%
  G: 33.4%
  T: 14.3%
  none/other: 1.3%

Overview of removed sequences
length	count	expect	max.err	error counts
1	346582	529532.2	0	346582
2	194780	132383.1	0	194780
3	70053	33095.8	0	70053
4	4204	8273.9	0	4204
5	2565	2068.5	0	2565
6	1137	517.1	0	1137
7	627	129.3	0	627
8	422	32.3	0	422
9	376	8.1	0	291 85
10	749	2.0	1	384 365
11	608	0.5	1	258 350
12	1612	0.1	1	793 819
13	688	0.0	1	363 325
14	1521	0.0	1	914 607
15	244	0.0	1	149 95
16	329	0.0	1	213 116
17	348	0.0	1	223 125
18	185	0.0	1	106 77 2
19	311	0.0	1	204 100 7
20	353	0.0	2	168 111 74
21	252	0.0	2	116 85 51
22	376	0.0	2	177 124 75
23	496	0.0	2	232 155 109
24	568	0.0	2	286 184 98
25	318	0.0	2	150 102 66
26	358	0.0	2	172 114 72
27	326	0.0	2	156 111 59
28	433	0.0	2	195 122 105 11
29	355	0.0	2	120 126 86 23
30	1251	0.0	3	406 345 282 218
31	302	0.0	3	70 112 69 51
32	547	0.0	3	205 135 123 84
33	422	0.0	3	173 109 80 60
34	520	0.0	3	204 113 102 101
35	874	0.0	3	222 256 212 184
36	1910	0.0	3	538 601 450 321
37	1267	0.0	3	466 382 242 177
38	603	0.0	3	251 178 105 69
39	421	0.0	3	180 111 71 59
40	565	0.0	3	203 156 105 101
41	847	0.0	3	336 233 165 113
42	1146	0.0	3	532 280 187 147
43	406	0.0	3	119 137 88 62
44	1081	0.0	3	449 333 176 123
45	1322	0.0	3	619 362 215 126
46	625	0.0	3	275 181 99 70
47	458	0.0	3	183 133 89 53
48	1053	0.0	3	576 241 138 98
49	556	0.0	3	260 158 94 44
50	454	0.0	3	191 131 83 49
51	814	0.0	3	438 188 103 85
52	247	0.0	3	89 79 46 33
53	424	0.0	3	239 107 50 28
54	391	0.0	3	200 120 49 22
55	550	0.0	3	262 152 81 55
56	668	0.0	3	309 177 99 83
57	814	0.0	3	350 227 138 99
58	864	0.0	3	389 222 154 99
59	996	0.0	3	454 264 153 125
60	984	0.0	3	463 261 152 108
61	938	0.0	3	449 243 135 111
62	1180	0.0	3	556 311 187 126
63	1262	0.0	3	594 347 174 147
64	1486	0.0	3	689 397 242 158
65	1981	0.0	3	970 509 284 218
66	2868	0.0	3	1353 751 496 268
67	5199	0.0	3	2027 2211 660 301
68	20704	0.0	3	15951 3188 1009 556
69	6726	0.0	3	4642 1448 440 196
70	2348	0.0	3	1554 508 189 97
71	1009	0.0	3	667 199 91 52
72	565	0.0	3	335 124 68 38
73	476	0.0	3	267 109 51 49
74	422	0.0	3	233 99 50 40
75	359	0.0	3	202 81 37 39
76	340	0.0	3	166 94 46 34
77	331	0.0	3	186 76 43 26
78	332	0.0	3	199 68 44 21
79	298	0.0	3	169 70 33 26
80	294	0.0	3	150 68 46 30
81	272	0.0	3	134 74 32 32
82	270	0.0	3	129 64 45 32
83	284	0.0	3	144 69 47 24
84	247	0.0	3	135 49 40 23
85	289	0.0	3	131 68 54 36
86	270	0.0	3	138 68 33 31
87	262	0.0	3	137 61 42 22
88	252	0.0	3	116 62 44 30
89	315	0.0	3	158 86 39 32
90	276	0.0	3	143 70 36 27
91	270	0.0	3	141 67 24 38
92	298	0.0	3	156 69 45 28
93	279	0.0	3	147 65 45 22
94	287	0.0	3	147 77 38 25
95	230	0.0	3	127 48 37 18
96	270	0.0	3	131 67 35 37
97	267	0.0	3	140 62 34 31
98	280	0.0	3	135 73 41 31
99	271	0.0	3	149 62 36 24
100	297	0.0	3	165 66 40 26
101	293	0.0	3	162 67 42 22
102	279	0.0	3	157 66 32 24
103	303	0.0	3	161 70 39 33
104	279	0.0	3	148 57 47 27
105	274	0.0	3	148 72 26 28
106	258	0.0	3	139 62 32 25
107	302	0.0	3	167 70 29 36
108	278	0.0	3	144 59 54 21
109	265	0.0	3	143 59 31 32
110	273	0.0	3	153 63 39 18
111	252	0.0	3	127 69 33 23
112	217	0.0	3	106 49 37 25
113	231	0.0	3	113 58 32 28
114	213	0.0	3	118 44 27 24
115	245	0.0	3	132 54 34 25
116	226	0.0	3	118 71 25 12
117	201	0.0	3	107 44 34 16
118	220	0.0	3	116 57 23 24
119	176	0.0	3	95 34 30 17
120	190	0.0	3	98 56 20 16
121	188	0.0	3	109 35 23 21
122	175	0.0	3	104 33 23 15
123	167	0.0	3	97 38 17 15
124	152	0.0	3	92 29 21 10
125	139	0.0	3	70 33 19 17
126	134	0.0	3	77 25 17 15
127	104	0.0	3	59 22 13 10
128	91	0.0	3	58 17 9 7
129	77	0.0	3	53 13 4 7
130	70	0.0	3	36 20 9 5
131	57	0.0	3	39 11 6 1
132	41	0.0	3	30 5 5 1
133	39	0.0	3	25 8 2 4
134	34	0.0	3	23 5 4 2
135	29	0.0	3	14 8 4 3
136	19	0.0	3	13 3 1 2
137	18	0.0	3	12 2 1 3
138	14	0.0	3	9 2 3
139	9	0.0	3	5 2 1 1
140	4	0.0	3	1 0 1 2
141	2	0.0	3	1 0 0 1
142	6	0.0	3	3 0 1 2
143	3	0.0	3	0 1 1 1
144	3	0.0	3	1 0 0 2
145	1	0.0	3	0 0 0 1
146	4	0.0	3	0 0 1 3
147	3	0.0	3	0 0 0 3
148	6	0.0	3	0 0 1 5
149	3	0.0	3	0 1 0 2
150	3	0.0	3	0 0 0 3


RUN STATISTICS FOR INPUT FILE: TORN_Pool_5_S5_R2.fastq
=============================================
2118129 sequences processed in total

Total number of sequences analysed for the sequence pair length validation: 2118129

Number of sequence pairs removed because at least one read was shorter than the length cutoff (20 bp): 171016 (8.07%)
